494178
491448
502096
495245
490740
490435
529040
471652
500338
485061
494053
492535
508985
510923
482596
491879
486695
482207
489525
509648
488356
497051
503792
510527
504386
505266
501199
395863
482580
503452
500200
514973
474896
518593
502888
489122
519281
503936
512327
507307
524718
493822
507879
505321
484378
494939
498820
496622
487912
496159
501782
509124
493008
510471
478857
497579
478125
487147
478829
499066
504627
501039
493619
502645
501776
518931
491363
508556
524773
500944
495340
487330
503425
506107
497564
505040
518532
504771
503347
442788
487913
505313
515771
483998
502432
469586
509442
455542
490455
509641
507852
513932
477765
487634
509501
502326
519486
486850
517576
501969
490285
505031
489902
511809
482462
503777
523794
499601
490786
507468
499328
497729
501476
499174
506395
504027
499352
511114
504325
505268
484250
494976
522335
511738
505393
494347
486670
491282
509431
500983
477755
480701
495904
509696
515357
538364
491638
484631
517424
507493
495957
496424
492604
503897
508215
483160
503706
512333
514257
500857
498477
512051
493585
485758
507453
449468
506342
518681
506097
505511
501164
508285
510572
509506
499869
499602
517557
489353
512448
509861
504554
504837
512184
515990
499757
500766
488720
502688
533230
495906
489923
503783
512462
511704
501393
490377
487432
379904
505132
502304
515891
489568
517556
511925
485121
508171
525535
506510
511682
506512
512578
509940
505184
519507
519971
495558
527237
515793
511335
521742
533961
526435
522218
499812
516546
501100
516641
513220
523318
504537
513313
508620
522903
506089
520214
517681
507032
513330
497472
502143
480844
503522
497062
514321
522672
521884
504959
519957
506812
497675
513983
510478
490611
511750
509017
513915
493989
509937
514032
508298
515877
519511
494956
502445
503130
499648
507101
498731
514716
494859
534681
523455
539335
464639
501962
517680
511271
513303
514671
508313
505690
504651
514713
523649
508182
526183
488889
510051
506998
524291
512215
512281
516155
522246
479558
529017
509154
520026
507056
520529
500618
508437
511222
503468
513182
530597
493741
517542
534117
509021
499717
522964
529067
522560
531953
521623
517831
534720
531915
518531
520076
501723
484905
517615
521252
517675
511765
528708
537245
506343
505982
507364
520774
521104
520916
525370
507716
521905
514807
518312
521996
520671
518374
510522
521651
492478
541055
522659
535329
510429
525379
522541
519933
530499
528640
531574
519072
528589
516552
490391
519358
529427
517860
537734
514424
529061
513226
505344
516310
509915
509768
505643
510954
518480
507811
534216
527865
506927
517599
513190
521192
510688
473050
520792
518962
514352
496806
517888
532571
505931
499931
501519
509518
506353
519821
521839
486318
516735
539871
543908
538924
498484
525594
515398
531043
540731
523432
511426
508871
507269
504772
539506
512221
526834
485961
512067
515454
545347
526884
540546
531171
534343
527485
521194
681300
534517
533923
535750
543504
517393
548533
524142
526291
527432
536051
540656
538335
525784
527056
537676
533439
532841
527252
537159
530069
543518
533035
529096
545711
532072
521252
522332
511576
518900
516658
519802
533003
523233
535567
541128
520358
533531
539850
552801
537158
506818
538708
542746
538848
526383
499516
524578
548932
515659
540787
550389
530588
528553
536316
536883
534852
540340
539111
530024
525617
518738
520590
494170
523377
507445
538607
536913
526900
479951
511950
890453
517955
534550
509623
534860
524204
532720
508667
533779
525102
523552
531351
520842
530806
521801
526878
525549
520764
923592
514043
534329
516168
532510
285641
548289
520449
520885
521850
530098
535856
511854
541888
542109
538497
527688
537662
537316
534361
527365
524442
527830
512332
528487
524185
521013
524234
530425
489214
527025
529215
544258
537644
526879
524211
535931
502673
543514
513977
517881
549603
523928
533362
535551
532387
531293
546363
517771
557458
544391
548199
526535
538448
547460
551392
529629
542522
555970
537502
547017
539180
544393
542181
552328
533829
535505
541213
556026
555989
533883
542162
544129
532112
562940
560105
555302
542083
557688
553417
525503
549091
550504
558146
540814
551868
519660
540397
514026
560752
572978
555325
580339
566637
559507
562238
561768
553437
557554
559217
534839
526733
557935
562405
562332
571010
567863
588483
571056
561972
540741
528584
559992
560178
560557
573066
540606
533069
554344
544685
560348
546615
541070
538001
543132
523743
550049
536726
544765
499075
539369
558759
544738
550293
558752
512321
544358
542415
540067
547550
527660
530813
544242
545674
533141
518356
544738
551117
553142
531331
544755
518297
547367
527255
537147
544345
533204
515781
504540
517339
526016
533045
512092
543172
541468
499319
543860
516917
549461
551548
546337
551370
530411
527015
488440
537969
527475
539136
547797
528098
485067
494856
545476
554679
540009
537823
512167
550776
534613
537058
544371
536668
544553
548482
528278
535528
555342
532888
547988
553688
523722
558112
551099
553389
554265
552500
561921
544223
538365
545844
561112
572708
551604
564444
535614
550487
541726
552809
569395
545478
568428
569771
552066
564842
558664
565073
578608
561068
569268
567033
566241
565650
566650
569178
554216
553189
564120
566205
558161
537134
570889
528137
568312
571062
574031
556544
538824
556244
566486
566658
551750
534483
546439
534943
564777
544382
539750
530339
526979
542631
553899
546529
554772
521118
541613
493107
514780
506512
507801
933888
506406
933888
501182
501402
527948
534073
516529
501497
515848
515602
515872
492938
535947
505893
497850
475275
500520
483576
504371
526264
510415
516616
933888
501450
519100
487694
513379
513008
513418
523703
488071
514068
502303
527232
505773
523495
502511
521249
502628
494754
528565
506646
522299
491166
494449
511098
519725
503071
512326
527342
509007
515328
529538
512646
522537
500402
520513
520278
505351
525590
532736
530766
535661
548570
534177
549412
519809
529611
538611
518414
528522
542108
512099
545635
520756
537602
532685
512724
524207
556792
521367
562446
530765
527325
550310
547227
519454
549794
544736
537141
554939
549480
539247
546847
540091
542366
539525
515933
548318
532834
552224
549129
532808
537749
543215
551784
540696
525355
522270
523127
529507
511709
532731
532861
503257
505726
520595
551763
528133
523308
530437
531809
527718
498410
520639
517827
518693
531637
529979
529504
521669
516186
501997
530701
546820
524179
522560
513981
514752
496155
515440
497203
511828
468473
489006
490290
517202
523637
512459
486826
523759
476650
524442
470779
517021
529708
496941
520041
485380
509308
487731
526754
512878
491312
500088
510766
501075
479473
520434
516372
507355
503808
598490
532073
538796
501583
505819
536310
515413
490798
517198
512069
494741
524431
515076
527148
518239
531150
545034
530979
547652
521032
534902
541308
527741
547293
520777
519665
523540
543799
517023
541498
520016
526839
554560
530980
555058
544238
547626
550677
550155
534575
549381
536818
533831
541743
557363
548599
544603
544700
546168
545036
557250
544894
532356
514123
531538
517843
529615
548601
541239
522341
542963
547986
537699
543251
531187
527751
539785
528177
540822
530682
530136
509928
541805
537056
535449
536826
546910
523050
533875
491023
502018
496587
493923
504136
505968
507665
478560
504302
492673
497484
514696
504653
507187
495277
504393
490699
502516
485329
516451
493328
484916
486769
503789
497020
518813
496475
502264
493536
505784
493492
509384
506425
505162
515338
511921
494018
504390
517472
509970
498579
491910
523380
520356
508887
463412
489989
504975
507163
490425
512220
491062
484967
503601
496867
490728
494542
487256
496540
513823
490791
501973
498211
497321
507534
498227
490769
504758
497351
491182
514107
482942
502004
509899
504011
517399
497385
483846
501024
497094
497753
481059
488772
486024
488945
503282
502780
500554
507943
503881
507465
498346
498000
489219
511787
496872
510622
510461
490710
512165
487177
494924
501273
515949
480605
516015
515547
508918
491513
490861
503601
500223
492824
500050
487411
489398
502378
499793
509826
494933
475397
515032
517595
493507
496774
508907
483941
495015
501345
512938
506406
510290
512681
519920
517419
507763
517207
487668
530576
517348
506568
495072
518595
512797
522067
517820
502129
521819
511298
516654
506614
524903
507879
507016
524556
521416
516285
522750
512935
529995
515654
504508
521078
511864
518043
519495
521783
537553
536541
513881
534510
536074
509574
516756
522401
520889
520044
521689
517390
523508
523810
526293
506626
512780
501264
511037
507833
531135
521234
527707
518184
513638
473411
515791
511869
497512
520806
495479
519611
484115
500116
524102
498316
496779
526047
491327
490021
481114
484588
489625
468928
442066
495783
507317
492918
478699
507682
504280
502474
517112
485214
495121
499677
515330
493044
509806
499862
514128
502310
479781
500608
523404
468761
504587
503978
511362
472873
511987
475131
515768
494418
489881
505883
507494
480712
487939
495696
487562
476652
499584
486226
520719
506408
523046
485356
499256
512862
512983
497424
523590
498816
517189
513182
496936
506763
497894
498282
523339
507829
503310
502709
513562
490508
529404
506633
501167
514767
510960
498951
524716
501547
500817
519020
515596
516516
521775
494475
502491
520665
514446
516890
522851
514082
509326
503607
523994
524604
519551
520842
504115
508405
521375
498899
524568
516363
502610
499857
516770
496531
498782
513385
520516
496835
505456
495387
503041
496928
502028
521331
516241
518123
488660
504321
500348
524685
500493
516646
489034
513502
517901
508580
504514
512233
504324
501093
501703
510891
523091
500511
475067
496994
508141
515850
495059
504000
484052
509092
497625
478347
507508
517910
516886
515868
511783
509150
518136
461438
484467
496740
502830
490424
520221
505599
500977
496261
522863
504151
516178
498519
502015
492476
514708
506871
497387
515058
482474
484382
506304
492935
524064
498176
491149
487408
481169
519948
515960
518028
513553
531663
514748
523027
502251
525589
519908
544633
534264
511013
526117
528596
506390
514794
540171
539553
525695
494543
516573
510949
520090
509956
521424
539792
511621
510102
526676
503028
503723
504568
534174
528356
519902
521682
523481
525239
526539
507788
516264
528821
515920
523209
514873
529932
523720
509333
526030
522511
530808
505972
522032
520489
517151
480654
521130
510595
514878
511816
521513
524005
512659
506070
516507
515936
518216
513793
515297
525640
487396
523236
522471
522624
518418
524241
506765
521986
518086
506056
515894
504026
514559
516754
522338
509247
514449
514739
523246
533374
524755
481566
494022
527827
514607
503606
513289
520741
526745
500619
503394
502528
515261
513264
522743
515169
521097
489524
513892
522569
528650
521693
514314
494059
520925
503712
524445
524111
512559
501361
509384
516437
515494
529071
515925
499441
511361
520384
538515
539491
515145
522324
530304
534168
513178
525322
525664
533392
531398
524331
516098
519329
542378
515429
542971
500892
519627
488449
505061
504502
518498
530964
496715
525718
538786
492510
529465
484283
524877
504402
531258
519198
504208
528236
507998
540443
526404
526903
540964
520238
477512
485866
526580
518187
512284
517611
520094
529361
535495
535890
516740
528891
508350
508039
520289
529975
529022
517309
535832
528766
520073
525379
545407
543689
544247
548879
526120
521912
505339
537022
547467
541817
535400
520299
513935
551216
516557
523701
550539
545265
537384
556336
536116
556954
546080
541474
544984
547521
537093
545251
533704
545843
534339
527793
544480
528659
567874
557641
524777
500203
546566
544614
534460
550083
541878
525314
551400
543752
535858
544350
529102
519433
532505
525287
549558
535729
529756
516732
530603
538119
542447
528769
540512
522093
528073
519243
522418
517568
527404
518044
529293
519766
520144
533904
509156
526820
546325
519963
527626
527771
531208
525617
525750
528283
526885
503339
523230
497067
526039
528436
531807
521764
529304
518659
517506
485405
517554
524755
523666
536562
499950
510665
508228
525077
524117
525311
530259
505128
502733
513115
534909
511125
512308
495842
529577
532193
548461
529767
533086
534931
529022
513663
520427
521497
533206
495265
522950
535558
524715
534532
556838
544992
547262
545607
536247
533524
517123
543148
561831
537810
542849
531245
515968
538866
508334
547641
543524
551280
554317
554973
556307
536014
547292
546198
561386
545406
543738
531910
540971
544659
540258
557202
550480
556210
549977
542984
550593
526577
561924
543829
561323
537872
538853
548956
549813
548607
549965
545924
543985
517060
553257
523185
546150
542081
536379
511090
538744
528887
539448
543029
545321
506513
528429
519692
511822
509543
485456
504209
502861
497519
506044
501024
494428
478677
522889
510570
520247
501812
506084
514514
495068
497687
510020
495943
496334
498742
500202
495673
514860
500568
519432
487416
509160
471745
479624
514745
470348
507945
478921
519845
489273
511772
512550
506583
520460
490650
453207
514036
498028
511886
501406
510282
512224
506571
503440
503756
515727
526377
503078
499828
512027
508226
504470
495557
518481
534226
506296
510436
533862
540028
525633
540043
520133
527619
511152
526484
541548
517346
525258
521673
506204
530173
512918
517874
524909
516057
518202
535501
543748
528787
532062
533641
534816
525610
526621
552423
540818
535492
552410
540687
536233
535611
530406
546348
525771
501860
541603
532317
523607
539540
532337
530963
537940
541162
542377
533323
524139
504146
524021
506857
531598
518574
518971
483918
526957
518860
535721
506492
533602
489652
517527
513034
505866
531698
506261
527337
529969
530636
527043
520936
524672
515394
538952
510928
526902
536499
541097
510811
530991
513980
524227
497284
504629
498640
513203
523893
530089
526668
515207
498530
529355
500802
533402
530786
518969
536612
495331
550881
506446
540347
531093
535394
534489
518457
499487
506680
525260
511046
510290
522136
522090
541680
542236
529599
524559
551104
515416
485581
536086
544364
525353
514007
529159
529020
518342
543110
552138
545252
529065
551647
536872
537618
505358
522156
539246
516229
532290
537925
532532
510823
525643
533467
528494
522379
539779
547229
560966
539531
543072
539648
568936
526703
548818
556116
563344
562183
543755
541675
553036
568390
553431
546858
557149
519924
545901
540549
540879
554281
551447
546109
547944
537370
533877
537201
544755
518931
535628
517196
534644
539936
522803
510715
534237
558643
540409
520865
545633
529500
540289
550346
564856
546758
547822
550042
545546
541808
547618
546463
531872
554866
545863
540123
523893
574803
556744
551358
569834
556327
560998
546144
555801
547630
574013
557173
543142
551369
546563
534457
530408
529445
546623
545030
565416
532526
526843
562692
541326
543634
546574
533758
557201
562163
531354
524494
563847
527455
542770
529943
554779
537870
534566
542698
549659
548934
557612
519253
523680
532881
531057
542394
522573
531999
545016
531184
530129
549677
546326
566977
548875
538333
524612
545275
541998
549877
543511
539671
528959
534972
533370
536393
546473
527083
538109
526548
536310
530030
535193
549235
541171
540822
551101
538274
536452
548795
538160
551516
560545
559110
550143
524253
516692
555671
540026
532269
523582
558690
542830
548413
555576
534618
541980
523019
561538
538798
540529
537373
550974
542544
553307
535334
545258
538938
534067
551088
540258
538748
536090
524675
532849
518724
528506
539629
542499
533574
514487
536094
524550
547097
543152
537855
534927
637220
528477
524706
542750
531849
560771
520347
528037
550698
519716
522523
524385
528409
521267
530802
528227
532677
534509
542043
526844
535669
535950
540127
531550
544552
551100
536062
534633
537535
527876
525745
524989
523458
514146
531114
523596
529449
535254
511887
527713
533704
518540
512492
514366
523135
534742
505973
520997
535458
510284
500718
532246
529731
521322
508359
518775
542443
522998
528997
520941
506513
529699
519106
504584
532170
510789
534315
516132
499117
507911
533888
544183
540560
519294
540584
536719
536148
528756
524822
523516
541849
534068
515233
528922
532795
516369
506292
526570
505587
537159
527529
536680
560056
543586
556079
535015
606868
540300
643187
535045
526860
537309
535894
536688
541622
528417
534386
532569
526908
526243
532456
519734
529705
533570
532600
529918
506267
510240
531383
539184
527110
506525
524425
526369
530374
535717
528658
538646
537572
523666
514273
547768
527432
534832
529107
538971
532148
544655
524451
515522
528655
516432
534046
513318
528511
534097
521836
515808
527167
513745
534862
525552
531218
521904
532493
541261
545103
514551
511808
528552
525680
535848
518113
520291
519706
517389
524882
534684
522392
527200
486616
502452
513104
524001
518309
531569
523267
525920
517162
531452
524063
521756
521318
527942
521127
518324
521305
535745
513599
515905
526816
514577
526236
530587
526216
522604
523670
506948
502991
513749
549369
512779
540079
524568
519427
515502
516468
510647
527871
529327
523183
520033
541985
539078
504689
518624
527777
533137
525769
536658
520364
527153
510742
535801
521262
526196
520744
532039
512826
524924
529062
534263
525287
527387
512536
522960
518924
526264
523919
538366
514038
529133
509233
517242
511271
523747
518514
503988
520003
507170
507496
513688
527331
522207
532855
517765
537163
507113
522537
530411
520469
530500
524442
518193
515071
515406
509850
517063
533035
514344
518737
509255
509860
534756
503792
503164
530848
515397
523930
512659
513465
536410
517985
522669
527419
506352
499669
518658
507962
514483
511155
520217
520107
504368
509411
525348
536269
508086
499206
492076
510138
528751
517721
496505
518897
526820
500905
502058
533390
526549
527509
510923
530104
501587
524924
531110
499167
524978
512398
505125
524895
518419
506159
520402
523220
491165
502621
506281
534198
496526
514750
526010
522714
530538
488063
508597
514107
523310
511953
513935
512715
528187
517736
505178
507936
530044
507339
510359
529545
508778
496591
491443
515438
510903
507603
523628
505555
503557
504695
516375
518626
512658
511445
526016
528508
514344
512441
516104
496907
522947
519747
510011
516912
509266
515183
531940
504998
513322
535308
511395
509006
540145
533131
517120
531772
525130
513358
521393
517556
511843
481707
517814
499715
515308
510531
508790
526416
488983
491913
511140
482432
509970
517066
522835
528589
498606
539082
492114
513997
507399
513071
529459
512341
498623
486444
506675
504260
528861
520703
522700
496923
526586
506579
522451
508689
509183
499024
513553
514828
516556
503834
531189
508235
505814
524357
501458
536457
524328
539177
519090
541974
519784
549272
541046
515504
535283
521488
504925
516990
512791
528014
539227
534561
543800
550917
532608
543836
541887
536957
528265
524172
536470
548407
538737
533882
547937
563819
547476
536407
543387
546839
536170
497317
526775
535798
546447
525723
535968
549976
536829
532683
542344
530349
533314
513866
535895
505981
534782
519100
524586
530454
527101
515447
530811
522035
544817
494541
520271
535164
522566
512253
519055
511061
519353
516822
505382
528821
520418
513603
521581
526427
512048
519293
530258
525429
516452
522340
515534
488849
517395
512685
526635
515401
522225
512666
524938
525073
527956
509681
517152
527970
518038
510149
487403
515259
494841
508541
523833
510668
503842
522380
504249
492143
515579
515873
530508
513572
522714
515047
514001
531096
514600
507409
512097
508764
526417
516126
529424
511886
526594
513847
510811
505385
547962
542435
512418
540618
512010
529920
519052
520059
933888
521383
494410
538400
493713
525627
522101
537174
537073
520959
518723
536783
545723
549625
537085
531053
529554
550308
533870
542785
540329
543238
539942
554354
538872
550488
933888
453201
546201
529590
533247
536550
541092
543376
537160
526777
538507
548817
553636
531950
538250
495778
529400
501991
546896
539806
537586
499252
528119
531965
547061
531510
526439
536402
526732
539559
534463
537694
528172
527997
528431
530967
521010
533832
528725
542272
532494
540481
523588
536967
536004
530065
533579
524494
533890
513400
533950
509564
523988
524098
519448
528000
529165
525544
531950
498582
538772
534252
535410
529498
520670
529035
521820
526503
508015
541702
532352
526606
521481
491472
524757
525666
515126
523017
522105
530126
517248
517816
527993
523839
533701
524034
512085
531909
534759
522833
529815
537588
504829
539916
531342
550044
545329
542206
528032
535759
504438
529032
544430
548728
543027
538205
528829
527464
527169
531069
561884
540791
542719
554231
553607
552209
554734
554657
560375
534739
536074
549822
550072
551798
552902
567717
544548
558720
550031
565930
566782
526194
553488
558633
560789
557245
557306
545203
556863
534267
539708
543647
522169
526612
546278
523742
538970
549938
540353
503143
539803
539431
546051
552821
530679
525134
540053
558732
546414
540490
541113
553151
547353
543309
538483
552381
535267
530615
544827
544569
556875
535920
547855
554298
542415
544180
541846
522010
526941
508703
556599
539022
563480
538856
530526
509864
548080
514222
544267
551992
535487
537192
519138
544354
499647
546106
535492
548247
528334
533001
513972
493253
541836
539309
534419
532619
528150
541666
548423
533394
531577
538860
528267
535858
545384
516270
556032
530110
545520
541047
520577
530385
563421
560249
556194
559203
517939
554926
527633
550129
559602
521906
580488
545395
525110
553369
532526
544044
555604
559676
561381
552390
557309
554475
552910
544920
554493
551313
552510
552290
532906
560193
537067
573641
551038
577659
561343
548132
565152
540324
569598
572472
567372
567120
573040
575897
563302
574952
549616
548981
574816
537384
560060
533316
560448
575483
557261
554058
547589
550361
563519
563646
558260
526536
567290
518947
540317
524206
506435
536173
522594
528423
505429
522244
517375
529900
553424
549848
535909
512499
518673
515236
546489
536395
537916
512388
527757
518656
527651
538920
551502
540708
542406
527915
551220
524367
545580
553983
542948
542977
517823
538868
540114
535987
530437
545326
526493
557869
537791
530786
542036
548373
541291
519159
535337
546481
558107
527496
557068
540773
532844
524992
525519
524250
541976
548166
542973
546128
531454
540967
544414
534947
546332
535107
535334
527465
527907
529887
532170
534216
545399
534528
533088
521214
522323
535083
521045
541789
524866
546008
533207
539503
516727
532604
528370
543043
514613
516149
533063
530456
540296
523583
532647
541724
530089
516896
528212
502439
538446
522763
533252
546978
516982
510885
517517
510682
532643
509855
523546
510499
534365
508774
526957
542697
520976
510317
522339
528358
530477
517385
529895
523672
519992
524873
486997
495496
521888
513044
518113
527092
490716
513589
519623
514327
523369
523172
518462
501499
497262
502151
517800
506406
531608
527558
506045
523119
519835
528223
524106
522968
520796
531806
524894
521650
519930
520867
525481
524194
519241
530575
507609
502416
520889
502671
516716
517301
511886
525464
524511
528458
517431
527803
521577
520135
527119
509456
531306
510183
526792
513287
505485
498048
504183
513125
516167
510396
525914
512133
519941
510410
524929
504043
505416
523316
502726
528748
501799
504086
495311
511045
494578
494864
514204
519429
524311
520110
514022
527978
519010
522064
527269
508229
516482
505828
516465
514862
520428
517680
508514
527642
519252
517012
520653
517908
501349
510081
504447
498603
514938
499845
495709
497170
515795
520087
506821
499777
512315
501203
518865
499109
509557
498658
516771
500143
511611
512056
520792
498838
509936
508519
496464
505986
529258
507662
492155
527584
517873
542732
481881
515751
507318
513960
526717
527704
540714
503469
494561
538796
510229
526809
531217
499262
522916
497353
522269
528060
531126
518808
516667
516848
534468
534677
529131
527614
534095
536433
503106
531448
518223
534735
524223
533946
510109
535185
512116
509627
546266
535471
517283
531125
521542
509422
523596
502085
527619
541753
472060
516361
511720
497227
516324
514920
524317
519419
512190
513329
515194
523305
522257
533331
514363
527263
501511
519841
536864
533010
520956
528406
525425
517858
515212
545268
518852
536840
515103
537681
522187
538288
526590
525445
533466
525749
508700
517817
500897
534827
529863
533543
508836
525446
518104
517188
499983
528653
508921
492896
537852
522447
513617
532122
531421
526258
516614
516280
517800
511702
502508
522513
513151
539420
508193
508665
526598
524817
524396
509000
523672
530403
512301
507162
528555
496487
510826
536052
518423
546851
517181
530536
510059
523347
529621
518316
542834
496249
505564
508073
528084
516874
525004
516518
514327
506645
533039
531293
541606
533130
521622
503561
520240
512633
538217
514149
532114
529608
505234
515225
522129
519610
524466
536220
528131
519853
531664
522223
525871
889973
514481
529132
553219
528732
527920
496622
513808
506607
509021
513492
496047
515039
523744
502504
522710
532473
509215
522589
519868
529929
513548
515918
517523
519159
510165
505774
521806
532448
530740
533760
505194
522703
512279
523400
516311
516732
496079
519347
522898
522900
504576
521457
527434
524921
509572
513530
512943
537681
520173
539501
525294
516872
537628
500762
511539
524654
513945
514627
524777
524047
532910
499180
513858
510911
497708
527995
514755
499464
509863
503743
511184
530308
507140
498353
521865
514701
503865
511158
505701
528331
535120
496948
505824
520306
501335
524534
527471
528953
517438
518483
519433
512898
518946
509176
512138
492319
518394
510946
510743
499964
528134
461695
499609
472902
519070
523514
511967
501785
521482
488221
523459
500554
522573
514615
511041
512312
489092
514542
489667
519796
516538
529063
513983
532215
479898
473949
502026
500175
528544
500856
513949
513692
511225
521969
517018
526729
497093
510079
511390
514189
519770
512763
519354
516613
509561
524579
519852
544100
528889
529821
527781
525174
479370
544143
548758
525785
539312
527884
516327
532813
504692
529483
522196
526357
538878
544525
532674
545051
538507
527161
560553
546614
530116
568373
523396
539980
529168
542674
547739
540676
527964
530795
525248
509914
549540
537507
546997
541212
545818
550817
545138
528081
530867
532523
536220
507217
540862
487295
531816
529387
523812
507107
512707
512659
527745
530027
534130
506316
527112
535476
530266
525193
531075
552814
521854
529436
541171
542294
517668
544622
534301
546369
544255
515096
530518
502938
528892
520429
527543
484362
525702
475473
532145
528298
541649
546776
933888
493582
530584
510019
525584
523155
517644
538195
518737
528085
485491
537026
533996
543994
513390
518826
525619
502347
542418
537343
540309
515931
544750
549875
533830
545024
546561
541913
539600
534124
525510
537121
553984
528231
514771
537403
523677
541261
557217
545168
551551
542732
536644
556281
534404
547177
554988
549299
539903
542700
520314
534168
506684
546926
563719
564757
567367
539166
549764
562560
550006
547701
556995
549999
546427
537323
541894
544767
561248
569250
565951
558878
552693
546708
540297
508684
540291
561505
558967
557210
547949
535584
558235
541259
555542
563971
549207
499107
550486
511881
557712
562933
536796
512230
560875
512146
557125
540495
543212
509778
535932
527775
547931
523963
539672
547143
535926
550822
519364
539531
532617
529365
554968
535427
540486
526969
526746
532856
539292
532761
520015
524901
529736
517603
533193
538240
526281
548640
551001
533416
531655
499623
535429
534720
533270
530740
536017
518349
506802
533619
543460
535828
552972
536779
527047
509795
538839
527873
538680
530499
528084
541247
532096
524217
537007
544240
519551
537565
532229
537220
535129
527100
532141
546148
533760
563949
563152
554899
540289
553137
538706
548480
521121
532275
545375
551617
540474
550307
542717
567649
531459
566504
568625
566482
583862
589444
565085
569701
544810
556193
544833
573446
534732
554792
541410
563208
553906
551868
558672
550676
565198
565680
550623
534061
560347
563226
559752
558384
542783
560810
564864
549412
570015
547778
549445
526178
537169
531952
564572
531142
535295
530322
538218
539526
546534
532440
530529
522604
539482
510122
542007
531648
517320
522521
521748
531304
529655
525995
529450
527715
519002
529054
538354
525458
541154
519684
526816
505773
519233
509320
528697
515240
538348
530329
539501
547764
533847
525153
535387
518413
529248
529801
530097
555390
519777
540092
518690
522927
520423
541345
531695
537968
507532
506675
535103
550093
556671
541115
548280
546571
543470
537919
528028
543679
537225
533334
525668
532740
541539
541062
551749
562088
551189
546019
572858
540032
556570
555099
546118
535279
532741
559492
544554
545477
556034
551663
513189
555482
527400
562045
562880
561940
933888
570103
571780
567916
558707
556796
555938
568561
550467
549982
561187
545377
561802
551092
552141
555195
551820
542569
535452
502730
551153
551471
559293
548238
541458
558702
565033
555139
548893
530508
543361
510380
549697
525590
541250
537444
522436
529793
529350
535031
565227
531882
529943
511486
531536
506855
529060
493751
495968
510118
532185
508528
490691
532721
499557
539683
513553
524173
521258
515250
512237
496990
504323
507681
528098
498163
527942
529802
526221
522493
502125
522341
517256
519497
525965
529333
523732
513577
522635
530722
495115
525880
510472
538082
525059
531720
542331
533328
511336
508920
522113
514438
535789
511493
513834
519034
517104
504241
510509
523299
530612
498231
491866
507034
514206
506092
541500
507919
517288
518034
507032
503477
524844
521672
519222
525227
515749
507672
527207
521528
528199
526978
517093
505230
523386
515129
508777
522513
501316
518428
518873
520774
501097
509100
523250
520976
531582
482002
498183
526516
535716
538006
528479
511310
521750
501187
515227
511928
511744
494962
525826
518137
525439
484662
530681
522394
509999
507843
503170
510989
511028
504440
501640
509455
499025
502622
531456
519320
503113
505824
528440
500850
516853
486013
497035
483597
476586
506012
500907
501209
499212
488953
501787
506969
492454
503989
492308
503803
469978
499596
517419
505074
503715
482276
511039
484011
509853
518538
500399
508305
499765
486483
508444
492463
498670
484697
492571
501227
493279
500921
508397
489749
517775
506352
499862
524189
503259
476974
509239
489010
497219
488159
507266
488332
515093
502193
491471
510618
496197
482293
493445
499513
508202
474851
509479
499907
497237
504805
516149
521419
509542
513013
494586
504018
485848
496140
507148
499871
508119
498504
480210
505264
503834
525061
494535
509595
481864
508686
504966
513901
507081
509180
506526
507536
501133
487730
488213
514015
514166
524410
517799
510007
498841
483777
488667
487940
501937
489795
503262
508938
508139
490941
521132
502656
507586
505634
490123
476463
479820
485932
515058
501098
488112
489634
498990
500062
522111
503820
506914
491684
501619
487383
505704
488750
473627
510450
506955
522461
483529
501332
482272
506547
508100
516381
516013
492135
472816
500503
506590
499954
517706
475119
486433
492448
502093
516110
528173
509508
518052
501040
501244
504825
509593
505700
504105
510846
498070
508329
499773
508563
513852
527473
503834
515371
504406
495196
498203
507929
517295
506434
490793
515739
507764
488693
500921
510245
502793
469126
488310
484849
509403
510929
511841
493027
493018
485040
483783
493133
501816
507905
489479
492038
495522
501924
505835
492909
502306
500121
492628
506343
477147
496515
502777
498884
497299
518717
506195
510816
494945
501555
511561
526084
505844
493729
494850
514688
505504
522999
509212
524813
499737
491927
488407
491167
513453
485384
505657
523090
506545
498941
486984
511758
498789
504053
507216
495797
512234
495826
500676
508062
491683
492196
515039
500200
499268
505630
500397
478723
492364
511054
509286
496397
517744
506840
520928
497602
487715
499716
508701
509918
504070
495369
502617
508513
494826
512614
523197
515365
498427
507837
500749
496878
515825
496855
507724
509708
492033
498678
489011
510000
513339
504582
523194
510297
509915
505785
507161
499084
511407
523185
509619
522404
506779
499284
515859
510150
518503
513306
526409
506855
501756
504283
525648
499409
517980
492592
495421
509626
506808
507538
508099
504635
518347
497726
512162
491563
515359
507746
494763
485192
488434
520929
508366
499887
528901
517097
502084
503936
511394
505024
496234
502297
494620
499967
519888
508371
497406
511413
530564
518534
500834
478240
512507
519039
508996
504583
514576
515486
503029
502527
491819
495542
514431
509238
493710
512000
507870
499675
508576
512627
517339
508968
519326
506907
519146
507830
510268
496623
501700
490561
506435
520849
505352
516996
488988
499321
509387
512376
520533
547496
521948
530739
555772
539792
512126
541726
534267
525043
531493
537842
529440
522016
526748
523324
524336
520621
512285
494848
508579
492114
528371
527753
536620
537115
533150
500094
528800
491988
540904
525302
514584
527501
516662
527321
503720
524453
525222
526329
523058
529544
499284
499032
532542
528918
519118
493351
532890
531398
534951
522310
540808
525648
517061
525211
512798
535897
516052
499117
528278
542139
492639
549301
535954
541733
525872
529099
542280
549278
506306
539049
517333
518815
539730
547413
516152
553961
500633
548490
548473
535707
541350
555948
536739
557324
547259
534698
554836
547256
538509
564073
541775
532804
542794
569503
534439
558520
558934
556077
548747
513691
540637
544704
569399
543619
544668
557170
542894
540140
553111
543295
535024
535355
538139
527015
549330
527635
544849
542733
545419
542456
544466
542514
541445
521989
547486
539683
522966
534153
537398
548694
536366
534355
522182
523763
535103
531573
533327
547212
553185
537975
533175
528435
522004
519676
517806
500050
525020
521840
524403
519364
522356
527869
530732
490734
525515
505463
529785
519921
534584
519673
507808
507796
506694
540160
530897
526205
520940
530642
516616
500483
528025
531795
531466
535005
512613
524621
534762
517310
533652
547568
533872
516358
532605
530886
533381
541957
533165
539932
520566
530682
535382
551064
549176
545161
526212
539459
527794
537069
548101
537186
558485
553209
519627
531928
524161
540938
561120
552535
546663
556512
542255
548062
548857
551133
546317
537322
534403
548724
558920
545523
546055
553974
555004
562527
530851
547229
566544
518632
544398
574968
550007
550956
549912
528101
550972
554338
543499
552620
541541
509837
524822
534189
538496
543254
523201
523321
543740
538602
543168
515801
536695
506451
530556
515777
530009
528981
510764
520908
534259
522314
518626
531228
532096
525792
526093
530810
529607
534637
522342
512065
528964
494393
537141
510111
498741
501973
519514
526620
529239
513728
531452
501183
515953
523890
528615
534306
507446
518362
512676
518120
507225
548952
534685
531435
541672
501143
494438
488085
518664
518846
522316
516751
518939
527792
540831
519458
527590
547020
522515
524675
521373
520257
533579
504226
533287
524461
517961
545376
540869
543164
539146
532342
525113
534190
523602
538219
535383
534209
546478
542010
498719
539988
519449
528515
532362
548848
526317
539182
544224
549340
551089
553483
540809
552185
549171
538828
535382
550209
552419
569328
556716
551342
548091
553432
540098
529755
533535
540935
553781
554095
542692
509203
540338
538019
540666
548325
534269
517488
521008
520370
544420
533556
529230
512773
534934
535880
548270
528328
529577
519942
521609
500744
516704
499970
513234
519996
505059
515157
501543
514707
497920
516473
505932
527479
505116
515528
508448
489669
494717
500701
521278
486665
489607
492675
513112
515987
512843
491534
516593
474631
517436
481725
452129
512105
497872
515533
480205
493177
473491
511241
523561
497482
511148
503780
491963
476667
502295
502100
523043
497765
500034
530661
519892
512751
528396
517067
498848
474701
503381
514949
529306
499903
510575
515776
506263
509572
535968
538529
525864
513491
508657
506533
508523
510523
531634
529167
516393
543054
509691
517598
501760
513207
541725
520215
528883
538916
536140
549685
531474
524058
508727
543965
535937
529646
523592
536063
530074
527382
548496
515648
522657
543665
538038
508874
526535
538316
534713
541977
530071
521744
533789
533255
539920
537872
527192
511092
525161
495298
538012
521227
510677
498474
529569
510653
511763
508858
526918
501518
516948
508677
509369
481915
518413
502419
506995
507107
500677
506022
492356
516125
511681
503613
515907
499247
500280
506605
511354
486107
510049
498723
504897
487280
515151
512684
510604
509054
502948
483074
508144
504855
510784
521177
507690
495649
501033
484243
503721
492043
505149
518206
503163
517308
496401
502230
507569
490016
505270
512952
504407
527378
512700
494705
500547
516213
507608
478990
498968
491370
513976
512381
499115
494729
507395
494967
503475
526651
517301
508987
517046
506518
482997
502483
510309
489540
515928
499890
501223
521735
501842
492490
504495
508016
497168
509775
515201
508234
489550
503916
500981
502326
516017
502730
500005
524538
510250
489861
502300
527924
510307
492992
495956
501517
508853
493119
509164
506400
509152
498295
505128
499622
517216
524462
513834
508096
508571
514588
510310
512981
500900
502251
507749
500219
510393
507303
508138
492531
518844
517297
510712
507829
514035
507757
504276
514677
502644
493898
513778
513233
517677
535146
500878
514338
506839
509818
524047
507866
523081
506745
516283
496299
499313
502004
517118
502037
509786
493359
523697
476933
519274
516316
524837
514038
475765
524528
486352
506635
508551
503141
522339
494687
510691
492432
510633
506081
504062
502347
500527
494292
499436
505056
507341
504155
497945
479904
490485
514372
511109
496357
505277
506678
502337
506218
481291
516154
512260
531030
489622
505822
497883
506823
527632
493252
507009
504379
491917
506391
496060
495973
502633
500777
499938
508196
497583
511509
500022
525463
506807
516883
511031
500170
493670
498929
511016
505752
505577
508851
505292
484779
508392
518594
501062
504490
509838
516978
521640
520979
510802
515758
509432
507637
513080
503673
513571
491556
516224
492534
501414
482033
496113
527072
526868
482419
535614
477643
514657
501370
524102
511164
506680
523166
528155
508118
496049
526655
514371
517338
510941
526298
519352
514757
506820
512559
531027
519165
529214
501014
522918
522952
529150
519326
506417
511010
540705
520587
519231
521555
487978
512253
536903
514833
509814
511515
509224
514201
535027
516499
513269
526688
495711
499277
517121
515147
513901
483892
515619
509465
507654
507629
509928
518522
517551
474046
466538
493080
512018
493501
509821
526857
510904
504522
524350
518733
507165
513808
519281
500986
505304
521373
533353
505361
519789
516966
498963
511287
484775
503432
512795
511637
483820
522880
511326
523385
514677
528203
522210
523137
526712
503954
494861
530086
521362
537691
516500
524252
516709
515259
508882
489110
534257
489363
527678
507739
535079
497874
519809
519842
528712
523586
517249
504679
524162
523535
510072
519256
538938
516841
521204
534234
507356
529853
516955
509678
505631
516908
531233
522314
537148
531349
529113
542042
512779
535986
511296
537423
534356
533681
536751
534149
523449
506175
541075
526870
547021
561358
549712
538913
541517
552563
533548
553537
558421
555147
539557
517874
532938
550201
523882
519618
527570
543155
536418
525909
533015
519706
518932
518012
531483
529409
530897
506423
531227
489750
512714
518999
515228
500078
527611
527449
488705
512831
526271
507631
527441
487366
525085
526831
498747
516949
508081
518363
525034
544185
520382
510959
544473
523752
542074
501999
528752
526823
521480
519933
505285
491090
529772
511993
522027
522681
516524
512477
509437
514379
532288
524084
525906
504729
512998
522091
520252
541085
526758
531057
516863
492415
526974
504048
525417
517918
528895
534139
522086
519985
530490
534480
530833
521295
531222
512083
528554
516359
528936
516330
506561
531142
534797
535516
508838
528141
537430
515623
528471
549276
534920
535221
551684
548625
533521
532769
529056
554587
528059
536183
552635
529873
536916
554734
543114
556577
534541
537149
549784
534048
552557
518258
529099
544118
540783
542063
543181
521029
540102
527950
525884
539063
549109
552225
529840
539953
531281
544360
537465
544739
515925
550066
529670
493803
526570
503329
530248
526206
525403
541415
553165
535122
549541
538932
544175
533275
547911
535907
542946
529653
521331
555829
526654
544703
551498
543351
542252
551514
539085
544123
517360
545134
543664
549973
545434
555275
538292
553354
523975
539667
560673
528016
559255
559522
550754
570378
535624
556974
560333
552795
539691
571754
555615
561799
562003
549420
556379
553859
563553
574405
568416
536685
540315
581471
559816
574066
553494
556538
575282
567791
569271
552651
551328
534556
558648
533310
548412
556924
550417
541930
548316
562123
554795
565825
560352
544067
558486
542632
556656
549235
541215
542869
554846
549578
537790
560913
553247
560006
551308
544890
546509
548095
541256
549974
541541
532411
546858
501017
546420
511496
551576
536471
534263
546080
552317
528428
550516
532753
551217
538969
543904
548447
534132
539006
528839
536755
522731
536635
554424
536141
523148
517144
517729
529044
541131
527994
535585
539844
542259
518776
542435
539852
549368
514385
534442
544159
541437
549505
555591
548576
542840
549004
563138
558174
549922
555213
538616
552797
538011
544680
577233
563247
566127
552760
527106
568866
547474
564114
563789
574335
560183
566627
568683
552943
564227
567033
556142
553588
550083
555978
561651
562512
552071
569271
559283
596565
561169
541699
568366
529593
555116
560246
553931
571158
558884
557795
564376
558137
578227
562954
560874
547377
550900
542998
562565
564296
546557
526921
552834
553932
567960
561249
556757
538202
561252
512426
540568
513053
520172
523914
527508
522086
518200
540495
519075
527943
522202
514996
513485
528319
528719
520143
515163
505468
515087
477503
517879
507538
526237
523406
499610
527767
526995
503484
499694
506553
503786
538835
500733
528796
492711
502468
496855
523326
503610
518484
506386
522938
512882
506489
528523
503524
511763
524858
516184
529370
524463
499066
516298
524501
524438
512554
516916
520970
511276
526081
515605
524571
525721
543790
539786
544220
524602
531863
527607
556013
506929
532354
549367
543301
552002
536042
533659
531513
524821
560043
543289
526184
544980
543856
557164
545665
560348
551511
549767
559077
548443
542776
565797
551361
555151
560533
562051
560187
553721
540306
568576
520228
544320
529347
490939
558166
548040
556886
556530
553707
554591
531431
551036
523199
546653
513639
553507
549719
527139
520598
533416
538532
547335
542796
557143
532397
539195
513442
520179
536460
524267
535957
548826
536137
520640
529728
541698
527094
534029
539522
538629
525107
530122
521476
523063
522867
528075
487568
515613
504944
530929
521193
520448
528884
550706
493548
535546
494540
505997
524054
534372
533196
503669
537663
512891
531207
526512
511304
536940
534158
487226
489553
530615
513696
520071
515816
501605
545964
538991
508598
537202
529715
520600
523761
528669
532851
524008
532691
530289
546717
519450
533116
546462
535683
548429
541202
536594
545874
527449
547747
534197
547035
528394
527949
524896
541050
516960
539194
562068
552883
561310
546220
548075
560971
552122
557572
555231
548513
554869
550414
550478
566295
561419
569674
552871
555346
545089
553901
550862
511852
539277
550492
551528
565671
574862
560184
553740
552035
544477
601198
584335
537217
550715
530433
545489
529796
530876
520105
543125
546435
559959
547114
531618
527325
540042
