0.8380272
0.9257191
1.0948378
1.1175164
1.0771233
1.054905
1.0885526
1.030445
1.1457795
1.032987
0.8918513
1.1274045
0.9382894
1.0918953
1.0935568
1.1154346
0.8946336
0.9113473
0.867091
0.92395765
1.1301267
1.0220381
1.0271623
0.98504776
0.9052223
1.0505614
1.0410937
0.7612042
1.0296843
1.0368302
1.1499029
0.97287774
0.92203605
1.0474389
0.9889109
1.1039853
1.07308
1.0909545
0.9855882
1.1333293
1.1570888
1.08535
1.0850898
1.1136932
1.2087512
0.9074241
1.0420345
0.97005546
0.9100262
1.1605717
1.175504
1.0863508
1.0471787
0.9965572
0.95644426
1.0537841
1.1467203
1.0873916
1.2171781
1.090334
1.0040033
1.0072259
1.1837707
1.074261
1.0654937
1.1314678
1.1352109
1.0837687
1.0384516
1.1446786
1.0503412
1.4426229
1.0201966
1.1588902
1.1143738
1.0333474
0.9819252
1.1105506
1.0543245
1.108509
1.1071478
1.0069057
1.2685202
1.2082307
1.0858704
0.92762065
1.1011429
0.9708361
1.0379711
0.9996397
1.0458976
1.0270622
1.033007
1.0812466
1.0644729
1.0787445
1.1200784
1.0848696
1.0947977
1.1026242
1.0606698
1.0750816
1.0917953
1.0916752
1.030565
1.0049641
1.0347685
1.0543646
1.0367302
1.0680557
1.2038872
1.0568466
1.032987
1.0112292
1.0965992
1.0964191
1.051282
1.0594888
1.093917
1.1750436
1.1478212
1.0560659
1.0091275
1.0728998
1.0028023
0.9344062
1.0833284
0.9894113
1.1601113
1.0105087
1.2325907
1.0962789
1.091435
0.9660121
1.0558858
0.8092236
1.1751636
1.074401
1.0328469
1.0107888
0.9695951
1.0698372
1.1636742
1.2052283
0.97726136
1.041494
1.0586481
0.9248784
1.0391921
1.0525031
1.1079686
1.0959787
1.0136712
1.0443964
1.0761024
0.82115334
1.1641146
1.079385
1.1922376
1.0138113
1.0072659
1.031606
0.9532817
1.1227406
1.0033628
1.1293261
1.0394123
1.0904542
0.962209
1.1333094
1.0612302
1.1381333
1.210913
1.0647131
1.1033448
1.1674774
1.0224184
1.1736023
0.8735563
1.0862508
1.237815
1.1234813
1.1867331
1.0265218
1.3643388
1.1709001
1.2495046
0.77007145
1.1220601
1.1443985
1.0186553
1.0564063
1.1251426
0.92790085
1.0035629
0.9782021
1.0176744
1.1912968
1.041494
1.0205969
0.9772213
0.97678095
1.1673772
1.0108889
1.0227586
1.0688965
1.0275226
1.0125903
0.97283775
1.0816069
1.0507816
0.99915934
0.90582275
0.98638886
0.92850137
0.9552033
1.0076063
0.9858084
0.978102
0.9488781
1.074381
0.90846497
0.9300827
1.0062652
1.0213776
0.9437339
0.9831862
1.0969795
1.1920575
1.0071459
1.0493605
0.846354
1.0391121
0.9973178
0.96899456
1.0361096
1.174423
0.9601874
0.9638504
1.0144719
1.0642927
0.95994717
0.92029464
1.0614704
0.88240355
1.0552253
0.9667527
1.0541844
0.98260576
0.9803439
0.95834583
0.92005444
0.9124082
0.9434136
0.9715767
0.94771713
1.1376529
1.1762645
1.1951
0.9661122
1.1795472
1.174323
1.220681
1.0718589
1.1480614
1.114614
1.107408
1.1440581
1.0398527
1.2294081
0.7034568
1.2046678
1.0317861
1.0568066
1.0296643
1.0516623
1.0169939
1.043796
1.0384115
1.0
1.1019436
1.0124502
1.099942
1.0423347
1.003603
1.1447387
1.0848496
1.1869333
1.0677956
1.2407974
1.0401129
1.0213976
1.1253028
1.078064
1.1574692
1.1234012
1.0965391
1.2316899
0.9668728
1.2033868
0.7496547
1.1067275
1.3269281
1.1906964
1.3584939
1.1633539
1.2349327
1.2492044
1.3894794
1.1577893
1.2220821
1.2690206
1.2053083
1.1231409
1.0947176
1.0965391
1.3930223
1.2764066
1.1771452
1.275686
1.3274885
1.2758662
1.1848316
1.001261
1.2334515
1.1429372
0.78972757
1.3233252
0.98676914
0.985368
1.3875978
0.8620869
1.0298445
1.1533858
0.9693749
1.1823896
1.1848916
1.2220421
1.2984848
1.2125343
0.9778618
1.1238415
1.119598
0.9675734
0.97580016
1.1275645
1.052423
1.1058468
0.99881905
1.1083088
0.90958583
1.2369343
1.0571269
0.9251186
1.0946577
0.9043416
0.9724374
1.0371104
1.1030045
0.93556714
1.0652936
1.0826077
0.88884884
0.96795374
1.0520227
0.9338658
1.1028444
1.186673
1.0675755
1.2033067
1.068316
1.115755
0.9663524
0.78746575
1.0049641
0.93872976
1.1235813
0.9960568
0.9299025
1.0341079
1.0517224
1.1162153
0.97247744
0.90001804
1.3397987
1.3660002
1.3046098
1.2992053
1.3067515
1.3093537
1.358454
1.4240677
1.337757
1.3489861
1.3241658
1.3381373
1.3204027
1.2436198
1.2879962
1.4358374
1.3464041
1.3391981
1.2177786
1.3469645
1.0211374
1.2164375
1.3010669
1.4043115
1.3254869
1.2509258
1.4174423
1.309874
1.2722032
1.4143598
1.2521467
1.3689225
1.3613563
1.2740648
1.2599732
1.0659741
1.3696431
1.1367121
1.2924598
1.3472047
1.330551
1.2445605
1.359835
1.239036
1.2456014
1.2401569
1.5351589
1.2974439
1.6244321
1.645089
1.3025681
1.3785704
1.4382393
1.2263457
1.4094357
1.521988
1.3710843
1.260914
1.3228848
1.2413179
1.4210852
1.3125362
1.1788666
1.508517
1.4673032
1.3124162
1.2136753
1.3296703
1.3472447
1.5184051
1.3240657
1.5200264
1.4375387
1.1631538
1.711063
1.4020697
1.1826297
1.2044476
1.2294681
1.2077103
1.4850377
1.4674833
1.5095779
1.2793291
1.2922996
1.2638364
1.2470225
1.3088533
1.3339939
1.240237
1.3949639
1.3960648
1.2867551
1.3517885
1.1722412
1.2233632
1.2738045
1.1849717
1.2743449
1.3547108
1.3844153
8.0065656e-05
1.2941011
1.3419604
1.3672011
1.3421806
1.3202826
1.3244661
1.240117
1.1011429
1.1710603
1.2849337
1.2988651
1.3290498
1.3863568
1.3111951
1.173182
1.2876159
1.3417403
0.0063251867
1.483016
1.2910787
1.3420205
1.4428631
1.5595589
0.8728557
1.348746
1.290258
1.0391121
0.78192115
1.2369744
1.2269061
1.2419384
1.2853941
1.3201826
1.3951039
1.3644189
0.98050404
1.371925
0.8665906
1.1044056
1.1554275
1.401209
1.2408775
1.2223623
1.0246001
1.2016454
1.2532476
1.2990252
1.1846714
1.3993474
1.086471
1.298785
1.2745451
1.2638564
1.2540483
1.282892
1.2045678
1.4201646
0.8699934
1.2858944
1.2571309
1.0344483
1.3157389
1.186593
0.7481935
1.1006025
1.1893553
1.2357733
1.184091
1.2161973
1.467123
1.5658439
1.1663965
1.3298504
1.2991453
0.8806221
1.379271
0.6933285
0.94615585
0.8991773
1.3687423
1.3935627
0.8503573
1.0020818
0.78822637
1.2671791
1.3932425
1.104926
1.0332673
0.92081505
1.5517725
1.4469064
1.4067936
1.4993895
1.2649173
1.1894354
1.2065694
1.3878981
1.9952761
0.9933746
1.1905363
1.8196921
1.469505
1.2101923
1.4784123
1.4430633
1.3953842
1.2623551
1.6203086
1.6973919
1.5019315
1.3826338
1.284073
0.8279189
1.4443644
1.2517464
1.0414139
1.17074
1.4308133
1.1457195
1.2709622
1.0660942
1.3674814
1.3046298
1.2664385
1.1851118
1.1632539
1.19504
1.1759243
1.3342541
1.3086731
1.0450169
1.2806902
1.3054905
0.85920453
1.29264
1.2145159
0.8664705
1.1381733
1.0996417
1.3201225
1.3527893
1.4960067
1.5010909
1.2586321
1.4754099
1.4788126
1.6697292
1.4373186
1.3448828
1.2111531
1.5977702
1.478032
1.5655237
1.5001101
0.9303629
0.9310835
0.7942913
0.9127084
0.9202146
0.9800036
0.97690105
1.0378511
0.6037751
0.8931924
0.86066574
0.85456073
0.9314838
0.9666927
0.77711725
0.8054805
0.88734764
0.8101443
0.94197243
0.8472948
0.8879681
0.8784804
0.94567543
0.97399867
0.7043776
0.73190016
0.7676094
0.92581916
0.8513581
0.88892895
1.0813468
0.885386
0.93650794
1.0355291
1.0355492
1.0791649
0.8428111
0.85347986
1.0418743
0.9784023
0.9361276
0.9575252
0.84625393
0.8644689
0.87079406
1.0689366
1.0423146
1.0342281
1.1395744
0.9153306
0.9895915
0.9998999
0.99555635
0.63480055
0.6361616
0.9835065
0.9448548
0.8169299
0.8190316
0.9893713
0.86398846
0.93308514
1.014512
1.1227206
1.1236414
1.0704978
0.88404495
0.9295222
1.0111291
1.1558478
0.95544344
1.1788267
0.95384216
0.8966753
1.0666347
0.89543426
0.9203947
1.1605717
0.94575554
1.0567665
1.1272644
1.0158731
0.97894275
0.93943036
1.0028023
1.0422347
0.98352647
0.85434055
0.96347004
1.033007
0.9575252
1.0071859
0.9511399
0.8127064
0.9228167
0.92958224
0.90874517
0.9088853
0.8303809
0.8564823
0.8265978
0.8594848
1.0271623
0.88508576
0.6348606
0.807362
0.9603875
0.88654697
0.8119658
0.7874457
0.85189855
0.8342441
0.88368464
0.93104345
0.909806
0.9236974
1.0022619
0.9225965
0.95312154
0.91298866
1.0248404
0.9952361
1.0126504
0.8832042
0.85283935
0.98212534
1.0819672
0.9254389
0.8822034
1.0156329
0.89385295
1.0001401
0.0
0.9064833
0.0
0.99671733
1.0389919
0.8969755
0.9920535
0.907364
0.8974959
1.0575472
0.95186055
0.94371384
1.0129906
1.0952581
0.9764807
0.98310614
0.72311294
1.0249804
1.1150944
1.008527
1.0033027
1.1301267
0.83288294
0.0
0.9802438
1.1202385
0.9933946
1.0260013
1.0149523
1.0394723
1.114714
0.9070838
0.9309634
0.9332853
1.0642728
1.0641326
1.0850097
0.9945155
1.0559459
1.0357293
1.0742809
1.025661
0.8082228
1.0935367
1.0399127
0.8969555
1.1084689
1.046378
1.0174943
0.95544344
0.96643245
1.0004604
0.97469926
1.0753618
1.0264016
0.90017813
0.74945456
0.95091975
0.98921114
0.922016
1.1473207
1.1027442
1.1625934
1.151324
1.0544447
1.0821874
1.1849116
1.4528713
1.1656158
1.0436958
1.1111711
1.1893352
1.0834885
1.2895775
1.1465802
1.2980044
1.1016433
1.1801077
1.1235813
1.3387578
1.1253028
1.1580095
1.1790868
1.1723814
1.1485819
1.0313658
1.0031626
1.2283072
1.1923977
1.1705399
1.0263816
1.1008027
1.1551472
1.0952181
1.0570868
1.057347
1.2178186
1.1013231
1.2675194
1.042635
1.1331291
0.99299425
1.1202986
1.1540263
1.0326868
0.99967974
1.0007406
1.1055065
1.0298045
1.058548
1.2405173
1.1373726
1.148802
1.0812266
1.0831482
1.1561481
1.172041
1.1554675
1.106007
1.0173342
1.0700375
1.1063272
1.2229428
1.1977621
0.7730339
0.93568724
0.8594848
0.8228147
0.89663523
0.8128265
0.72603536
0.91338897
0.769511
0.9129486
0.77663684
0.76957107
0.8037991
0.8004364
0.8016974
0.89971775
0.7213515
0.83290297
0.6186673
0.69517004
0.8934727
0.6570588
0.6803779
0.63141775
0.7735143
0.7827619
0.7830421
0.7026362
0.78592443
0.87491745
0.6808983
0.7332012
0.71528655
0.7619048
0.7554795
0.75491905
0.8071819
0.6941692
0.7723733
0.6873436
0.718329
0.6742129
0.72429395
0.7869653
0.8053804
0.6964911
0.9211954
0.7251346
0.64018494
0.41822293
0.74503094
0.7830821
0.88810825
0.7636662
0.87333614
0.8118457
0.84787524
1.0142717
0.85345984
0.6543366
0.80656135
0.70503813
0.6516744
0.69272804
0.9422927
0.84897614
0.7900478
0.8891491
0.92297685
0.89023
0.84253085
0.93436617
0.7325007
0.80191755
0.824376
0.725595
0.803699
0.81046456
0.9181929
0.88496566
0.9896315
0.74234873
0.94505495
0.8153286
0.7709122
0.8120859
0.7293581
0.7086811
0.8492564
0.68860465
0.7772573
0.73736465
0.6399848
0.73260075
0.8285594
0.7687704
0.7100222
0.6932685
0.75311756
0.6920475
0.8032987
0.7431494
0.84469265
0.74725276
0.57847434
0.7878861
0.6958506
0.7184291
0.6067575
0.6775556
0.7491943
0.64592963
0.7447707
0.7257551
0.7979343
0.60945976
0.8601253
0.81895155
0.80465984
0.83944833
0.88042194
0.73165995
0.71324486
0.7879461
0.87113434
0.76370627
0.94431436
0.92263657
1.1883545
1.07322
1.067095
1.1947798
1.086471
1.0264217
1.0757421
1.2262455
1.0974399
1.1095299
1.1527452
1.070658
1.0393523
1.0596489
1.1950599
1.1106107
1.1484817
1.0220381
1.1335895
1.1307873
1.0731
1.0770432
1.1141737
1.0371104
1.0406533
1.019496
1.038952
1.0980004
1.1616726
1.0659341
0.98875076
1.0224785
1.1077484
0.9440942
0.9937949
0.8832042
1.0325067
0.9725775
1.0589683
1.0650533
1.0796453
1.0521027
0.9754198
0.9782822
1.147601
0.9445145
1.0162333
0.99373484
1.0321664
1.0374907
1.0050241
1.0675955
1.094037
1.042635
1.0359895
1.0480394
1.0351288
1.1034048
1.1734623
1.0726997
0.97067595
1.0660142
1.0174342
1.0241398
1.169559
1.0547448
1.1444584
0.9611081
0.9363678
0.9605476
1.0195961
1.0105886
0.98624873
0.92209613
1.0035429
1.0238996
1.1065874
0.9656118
1.0127105
0.78192115
0.9749995
0.8101043
0.954883
1.058608
0.99409515
0.9930943
0.90956587
0.8579835
0.89647514
0.98746973
1.110891
0.91469
0.9324046
1.0264417
0.89787626
1.0128105
1.0836486
1.1295062
1.0475991
1.0405933
1.0086671
1.02444
1.0675755
1.1361116
0.9579255
1.0528033
0.89909726
1.0234592
1.0464982
0.9908325
1.0959988
0.9345663
1.0352489
1.0233792
0.998759
1.0151324
1.0581276
0.99555635
1.1156949
0.96703297
1.1016033
0.9163714
0.88178307
1.0282031
0.9079245
1.1441983
0.98176503
1.1162153
1.2803699
1.2046278
1.1445986
1.2758862
1.14636
1.1226406
1.0701575
1.4332952
1.0545447
1.1124122
1.1947397
1.0892932
1.0804859
1.1102704
1.2441802
0.7903881
1.3286295
1.12204
1.2724634
1.1357313
1.2779679
1.2789887
1.2247243
1.1332693
1.1075282
1.25613
1.0888329
1.1727617
1.2619147
1.1264436
1.3301507
1.1114113
1.1862527
1.1092095
1.1143738
1.2872956
1.1827899
1.2799896
1.1340098
1.2611542
1.2079105
1.1266838
1.2400569
1.2268059
1.3337337
1.108529
1.3496467
1.2127545
1.4107168
1.3385977
1.081687
1.1795872
1.2275065
1.1758041
1.1346704
1.3181008
1.330571
1.1690387
1.2286875
1.1235013
1.2986249
1.0770632
1.1700194
1.3497869
1.0481795
1.3440421
1.1214796
1.2864149
1.19502
1.3070718
1.2465222
1.3072519
1.2212214
1.1530856
1.0199964
1.0329671
1.3102545
1.1722612
1.1463
1.0813867
0.6947897
1.1013432
1.18281
1.0946976
0.98508775
1.2153966
1.0449969
1.1052063
1.1591705
1.0652134
1.0526031
1.1994436
1.2076503
1.1821893
1.0463179
1.14636
1.0383514
1.0592285
1.0972998
1.2339318
1.218239
1.1361717
1.0656137
1.1246423
1.2773675
1.0084469
1.1676575
1.3003863
1.1675174
1.0190556
1.2747053
1.3273485
0.58313817
1.2188194
1.2586521
1.2583718
1.0889729
1.2118137
1.3083528
1.1132529
1.276827
1.2165776
1.2038472
1.253748
1.0362498
1.28055
1.2199804
0.94899815
0.869493
1.2405972
1.2214216
0.9346864
1.2038472
1.2590324
1.1968414
1.2921996
1.2334114
1.2296484
1.137853
1.1553273
1.1806281
1.1948998
0.8917112
1.3026482
1.0765828
1.2115134
1.2116135
1.2482235
1.3054705
1.3551311
1.285334
1.1948597
1.026862
1.2290878
1.1154947
1.1484617
1.2891371
1.214576
1.2810705
1.1736224
1.164695
1.1550871
1.1635941
1.3021477
1.1476411
1.2030865
1.2075902
1.1981624
1.1519846
1.2073901
1.1798675
1.2752857
1.3181409
1.082988
1.1933986
1.2087312
1.2761865
1.3110751
1.1046858
1.2978443
1.1539862
1.2289277
1.188995
1.3100942
1.3554515
1.1321284
1.1435577
1.1824095
1.213435
1.1555675
1.0953182
1.346364
1.2006645
1.2267059
1.1565083
1.2346925
1.1637943
1.2849736
1.1907164
1.3741068
1.236514
1.087872
1.0771832
1.1575491
1.0967793
1.1603315
1.0279229
1.2648572
1.3482056
1.3458836
1.2580717
1.3994676
1.20731
1.1296864
1.1813887
1.2250445
1.091355
1.2628355
1.2754258
1.1083889
1.3009268
1.2456214
1.1929983
1.1164554
1.2123741
1.1016834
1.2252247
1.1165756
1.1913369
1.2020257
1.169559
1.1934787
1.2274865
1.1583499
1.186553
1.1827499
1.4481875
1.270822
1.2791489
1.1770252
1.391461
1.3035089
1.2021258
1.1673973
1.2478433
1.1962008
1.220701
1.4092957
1.2612342
1.181789
1.1204988
1.1973218
1.1966813
1.1895754
1.2520467
1.2833323
0.9876899
0.94139194
0.9324646
1.001261
0.97397864
0.9460157
0.9837267
0.99885905
0.9655918
0.98606855
0.9065033
0.97922295
0.90746415
0.9290218
1.0648532
0.8921916
0.9533818
0.9462559
0.946296
0.8958146
0.9722773
0.9480374
0.9811646
0.95075965
0.8900498
0.9315439
0.90810466
0.8869673
1.0943774
0.9029404
1.0139714
0.96897453
0.9147701
0.8972558
0.94319344
1.0046238
0.9642507
1.015853
0.90053844
0.9307232
1.039012
0.960988
0.9234172
0.99515605
1.07318
0.92569906
0.9440942
0.9229568
1.0416942
0.9497988
0.84685445
0.9570648
0.8587842
0.9857083
1.0179347
0.98897094
1.1468804
0.9430333
0.9922136
0.97241735
0.9847275
0.9015993
0.9050021
1.0078864
1.08543
0.91809285
0.7976541
0.9727977
0.8631678
1.0246001
0.9883104
1.0435157
0.9533217
0.81568885
0.99527615
0.813467
0.9135491
0.83552516
0.9624092
1.0599291
1.0001601
1.0861106
1.0427951
0.9752997
1.0236194
0.95045936
0.92553896
0.8945335
0.86969316
0.95150024
0.92199606
0.8820233
0.8375068
0.9162513
0.9197942
0.9294021
0.9344062
0.8422907
1.052443
0.8355451
0.9302628
0.79669327
0.85410035
0.9713565
0.7807402
0.9415321
0.87171483
0.7819812
0.7520967
0.7830021
0.88382477
0.8948938
0.8539002
0.93736863
0.9489181
0.75752115
0.87467724
0.9065033
0.7464521
0.9264397
0.8996978
0.95192057
0.9002382
0.9571048
0.8632078
0.864669
0.9159711
0.91977423
0.95482296
0.8546008
0.74689245
0.93516684
0.88032186
0.85333973
0.9511199
0.9128886
0.8561621
0.8462339
0.800016
0.92762065
0.95580375
0.9375488
0.9075642
0.78592443
0.83468443
0.81749034
0.9326448
0.84423226
0.9778618
0.9212554
0.8675514
0.86154646
0.86701095
0.9092656
0.9373086
0.9702356
0.8764587
0.88026184
0.737805
0.9692548
0.9362077
0.92099524
1.0041434
0.84313136
0.93884987
0.91559076
0.9825657
0.8623271
0.81424767
0.93812925
0.90846497
0.98166496
1.057407
0.99027205
1.0150723
0.9598871
0.97772175
0.9884305
0.8471146
0.93760884
0.9421125
0.9513401
0.9484177
0.8186913
0.8852859
0.95846593
0.9603875
1.0299045
0.9725175
0.9449749
0.92884165
0.9931744
0.9603075
0.81080484
0.8541404
0.8260774
0.84201044
0.8144879
0.80512017
0.9954563
0.87421685
0.78484356
0.6924678
0.9163714
0.9058628
0.95784545
0.9434536
0.9567245
0.8251566
0.8858664
0.8355852
0.8121259
0.8136872
0.7229728
0.8168898
0.81144536
0.8431714
0.8595248
0.82435596
0.83906806
0.79287016
0.8381673
0.840309
0.84419227
0.710983
0.8141476
0.8508977
0.82197404
0.8584439
0.7534378
0.84741485
0.7507156
0.6714906
0.6543566
0.74847376
0.71224403
0.78322226
0.6757941
0.84249085
0.77467525
0.543886
0.5273124
0.81354713
0.73230046
0.9237775
0.90199965
0.77979946
0.86589
0.9076443
0.8831242
0.8716147
0.80906343
0.50115097
0.8950139
0.88478553
0.67737544
0.82295483
0.7641466
0.6020537
0.7974739
0.75706077
0.70663947
0.58958346
0.82703817
0.67073
0.7867251
0.7281971
0.69128686
0.6234112
0.6830401
0.6978723
0.6078985
0.87968135
0.66600615
0.79517204
0.60957986
0.7298985
0.68540204
0.70051444
0.66478515
0.6077784
0.64332753
0.6114614
0.7184291
0.6590404
0.64456856
0.70766026
0.5575772
0.5807362
0.79421127
0.66750735
0.6443684
0.58517987
0.63856363
0.8550011
0.654937
0.6308573
0.68860465
0.66920877
0.6628035
0.66482514
0.7424488
0.7043976
0.7446706
0.6953902
0.6136632
0.68924516
0.7827018
0.7716127
0.71870935
0.62371147
0.7161673
0.7928902
0.7687904
0.934146
0.7026962
0.77617645
0.767029
0.68714345
0.6613423
0.91104704
0.93690825
0.8826638
0.82787883
0.92081505
0.9184331
0.8999379
1.0009809
0.8704738
0.8892892
0.90490204
0.87089413
0.8419504
0.8826638
0.825597
0.86538965
0.9054425
0.9003783
0.8265778
0.8441322
0.94859785
0.85406035
0.89885706
0.8164895
0.85604197
0.918233
0.7515162
0.86995333
0.8080626
0.7210913
0.83580536
0.8451931
0.82665783
0.920715
0.851178
0.84375185
0.802418
0.8069417
0.91577095
0.80191755
0.9070238
0.88200325
0.86114615
0.8306211
0.8026582
0.8434917
0.7191497
0.8741968
0.8711143
0.918313
0.9014592
0.87125444
0.9300827
0.8593847
0.91937387
0.9752597
0.8944134
0.90834486
0.86526954
0.9161312
0.99359477
0.89309233
0.886607
0.96819395
1.0082067
0.9274405
0.74405015
0.99283415
0.9066234
0.9464561
0.95518327
1.0645529
0.81859124
0.85173845
0.8949338
0.908585
0.8452331
0.6552173
1.0022218
0.8814428
0.9693949
0.71898955
1.0257812
0.89491385
0.9952961
0.97760165
1.0352288
0.9911127
0.9052623
0.9316039
0.83174205
0.8718149
0.86148643
0.73125964
0.83156186
0.88724756
0.9208551
0.7021758
1.0219179
0.97944313
0.79623294
0.8596649
0.9221361
0.9198543
0.82151365
0.830421
0.95124
0.82529676
0.4668428
0.81935185
1.0310655
0.8733762
0.9568846
0.9540423
0.7538782
0.97283775
0.84215057
0.8225145
0.84871596
0.923117
0.87333614
0.91879344
0.8691527
0.99115276
0.8197922
0.95122
0.9056026
0.6699894
1.0408134
0.98887086
0.9823856
1.0157529
0.95324165
1.1553273
1.0071058
1.2168378
0.9936148
1.0807261
1.095058
1.0190356
0.99881905
1.1453992
1.0166136
1.1325487
1.0592686
0.9692548
0.9447547
1.0125903
0.96345
1.0349687
0.8485558
0.92029464
0.9920535
0.92105526
0.9944354
0.967093
0.9940351
0.8636682
0.9435737
0.9895915
0.95544344
0.88712746
0.9863488
0.969555
0.9551432
0.8521788
1.0848095
0.96875435
0.92954224
0.919574
1.0317861
1.0126103
0.89471364
1.0042435
1.007306
1.0178547
1.0049641
0.98142475
1.1029444
0.9250986
1.0675154
0.9645509
1.0046037
0.91971415
1.0704578
1.0908946
1.0534438
0.99067235
0.96104807
1.028043
0.98672915
1.0258613
0.9503193
0.7721932
0.86456895
0.8863268
0.93360555
0.7771773
0.83860767
0.7644869
0.93644786
0.94337356
0.89107066
0.6995536
0.8864469
0.87457716
0.8257171
0.81873137
0.863448
0.7498949
0.88856864
0.95654434
0.91112715
0.77397466
0.88478553
0.9052223
0.87840027
0.7070398
0.88262373
0.8098441
0.9397506
0.88276386
0.91384935
0.814628
0.80435956
0.7019556
0.7516964
0.90250003
0.68994576
0.82928
0.83934826
0.86370826
0.79260993
0.77385455
0.8327028
0.8828439
0.824376
0.8139274
0.90814465
0.60533637
0.8163694
0.79088855
0.81592906
0.8196721
0.8830441
0.7490342
0.90356094
0.8517184
0.81464803
0.9198743
0.91849315
0.8693729
0.7673693
0.7412078
0.7976741
0.7854641
0.84138995
0.954903
0.845073
0.9249184
0.8913509
0.86218697
0.8516383
0.6277748
0.8428711
0.83632576
0.8177506
0.84531313
0.88234353
0.9248784
0.8502572
0.907364
0.7999159
0.81406754
0.78824633
0.8863868
0.8074021
0.87235534
0.7748954
0.8819032
0.8542004
0.8865069
0.8116055
0.93214434
0.90426147
0.885386
0.83220243
0.8258972
0.89235175
0.90822476
0.9025601
0.84108967
0.8710543
0.9633299
0.8771593
0.8226946
0.8598251
0.95522326
0.9499189
0.9612883
0.9717568
0.8978963
0.9661122
0.94709665
1.0234193
0.95662445
0.9636302
0.97714126
0.90884525
0.84655416
0.94087154
0.91268843
0.98118454
0.9065033
0.85370004
0.9746592
0.8214736
0.92233634
0.946296
0.9031406
1.0678957
0.8346644
0.8091035
1.0953583
0.89681536
1.0239596
1.0022819
1.0787646
0.92041475
1.0243
1.0149723
0.95430255
0.88004166
0.8323425
1.0062852
0.98324627
1.0993614
0.89507395
1.0034628
0.92822117
0.97726136
1.0616705
0.92371744
0.962209
0.81312674
0.8485558
0.90884525
0.8737965
0.83738667
0.92728037
1.0275226
0.8876078
0.8718149
0.8273584
0.9535419
0.96419066
0.7763166
0.8994576
1.0140716
0.9287816
1.0031626
0.9521608
0.93324524
0.8649493
0.9095058
0.99347466
0.89071035
0.87455714
0.9940751
0.84387195
0.9974379
0.9167117
1.1608719
0.9031806
0.88896894
0.97772175
1.0284233
0.9513401
0.88826835
0.9654717
0.9912328
0.9850678
0.8745371
1.1236013
1.117176
0.88178307
0.9302428
1.0246602
0.94383395
0.9538021
0.82926
1.0030224
0.9140295
0.8603655
1.0713586
0.8185712
1.0298644
0.9982586
0.86869234
0.9910927
0.96541166
0.97507954
1.0291039
1.1436378
0.90860504
0.99985987
0.91274846
0.9699554
1.0120499
1.0039632
0.99409515
1.0593086
0.9617686
0.93668807
0.9843672
0.8859665
0.9221762
0.96196884
0.9106067
0.941472
0.7728938
0.9175324
0.99265397
1.0497208
0.9322044
0.88860863
0.9417723
0.9674533
1.2824316
0.90496206
1.1120318
0.7802198
1.1110511
1.0293441
1.0209572
0.9260193
0.998799
0.94603574
0.96859425
1.0213976
1.0867912
0.8720951
0.910967
0.8488561
1.03657
1.0299846
1.0736403
1.1777258
1.0809864
1.1299266
1.1668568
1.1271442
0.97019553
1.0697973
1.0738605
0.9371685
1.0383114
1.1709602
1.123221
1.0424548
1.0420744
1.084269
0.83568525
1.1284853
1.0392522
0.9117076
1.0366501
0.9209151
1.0618308
0.97451913
0.9102864
0.9562241
0.9592466
1.0124302
1.0105886
0.93760884
1.0275826
1.0239196
0.98648894
0.9422927
1.017074
1.0081667
0.9383895
1.0257611
1.0104886
0.9575852
1.0575272
0.9639104
1.002322
1.0823475
0.86641043
0.84673434
0.90820473
0.9657719
0.79028803
1.1247423
0.820773
0.9040213
1.1448988
0.60237396
0.62515265
0.9251586
1.0725194
0.6218099
0.73168
1.099982
1.029284
0.9412318
0.9177926
0.94307333
1.1379532
0.6297164
0.95290136
0.92704016
0.9313637
1.0892932
1.0261214
0.85366
1.0620309
1.1502432
0.9253388
1.0260013
0.92035466
0.91687185
0.97874254
1.1264637
1.0486599
1.1248825
1.040213
0.9898717
0.9563642
0.9201145
0.9200945
1.002322
0.9686343
1.1224405
1.0265417
0.8564623
0.85177845
0.99955964
1.0715587
0.94713664
0.95043933
1.0074861
1.0072259
0.81518847
0.9440141
0.9735183
0.59761006
0.58313817
0.71260434
0.94069135
0.5649633
0.5577574
0.5506115
0.94307333
0.5651434
0.57373047
0.45791548
0.8836045
0.41812286
0.8363058
1.0669749
1.0458976
1.0956584
0.9553834
0.9851278
0.9667127
1.2614144
0.98054403
0.9754999
0.96667266
1.0350087
0.9575652
1.2196602
1.0191357
1.0257211
0.8692928
0.8448928
1.0809064
0.9055826
0.8692928
0.956064
1.0417943
0.797594
0.99979985
0.98224545
1.0021417
0.99793833
0.8216938
1.1069076
0.77613646
1.0162534
0.94605577
0.964631
0.8992774
0.94307333
0.92960227
1.0662143
0.92932206
0.9124882
0.9653716
0.85736305
0.9827458
0.85516125
0.88554615
0.837807
0.91390944
0.88258374
0.96487117
0.9034808
0.8074621
0.8891691
0.83068115
0.94921833
0.9000981
0.8953542
0.92301685
0.81360716
0.80093676
0.9679337
0.874397
0.80417943
1.0115895
1.0468985
0.90163934
0.7598831
0.9276006
0.9496587
1.0334474
0.97347826
0.9779219
1.0039432
0.930483
0.937769
0.92053485
0.98781
0.9485378
0.96997535
0.9172121
0.9812847
0.9895915
1.0883524
0.9190336
1.0601894
0.91465
0.9871895
1.0228387
0.87549794
0.93296504
0.91310877
0.9722973
0.9626894
0.95045936
1.0043836
0.91833305
0.8946336
0.9798435
0.8941732
0.8427911
0.92593926
0.88264376
0.8960348
0.90374106
0.854901
0.9615885
1.0285834
0.9662523
0.8834444
1.0034828
0.886607
0.9142697
0.89023
0.954883
0.89129084
0.9469965
0.820773
0.828059
1.045197
0.94445443
0.8259573
0.9010789
0.9722372
0.99127287
0.9709562
0.9356673
0.93482655
1.006145
1.0607297
0.9996998
0.9630897
0.9712364
0.97113633
0.9928141
1.0025421
1.0755019
1.1248825
1.0038432
0.82679796
0.94685644
1.0573671
0.92728037
0.9580656
1.0383314
1.1094097
0.9858284
1.0873517
1.0470185
0.9611081
1.1112713
1.0306451
1.1430373
1.0176945
1.0072459
1.1200784
1.0131508
0.9807642
1.0447967
1.1992034
1.0587682
1.174443
0.9906323
1.0752016
0.93588746
1.0876719
1.041354
1.0021818
1.0591486
0.92031467
0.96649253
0.93164396
0.9880902
0.99799836
0.94945854
0.9656518
0.94809747
1.032927
0.9545427
1.0138113
1.04868
0.9989591
1.0051242
0.98887086
0.8864469
0.9831862
0.92563903
0.93680817
0.99619687
0.9754999
1.0075262
0.8862067
1.0169139
1.023259
1.0041034
0.90141916
0.9569847
0.9080646
0.98783004
0.9911728
1.1593506
0.9757801
0.9728577
1.0464581
0.9589664
1.1229808
0.9287015
1.1199784
0.9930943
0.9984387
0.98016375
0.9544026
1.0198963
0.9028403
0.99751794
0.9836066
0.99671733
0.9063832
0.98008364
1.0346885
1.0001001
0.9433936
0.9649112
0.9214956
0.96445084
1.0257211
1.0348486
1.0228788
0.98648894
0.93900996
0.9210753
0.94689643
0.91815287
0.9827458
0.9464761
0.91104704
0.88862866
0.9014592
0.83254266
0.9520407
0.9372886
0.98306614
0.9493785
0.92954224
1.0173743
0.9952961
0.97417885
0.9811646
0.92884165
0.8818031
0.94883806
0.86044556
1.0441962
0.9576853
0.93260473
0.9708361
1.0165336
1.0070257
0.9924538
0.9364879
0.90712386
1.0041233
1.0739807
1.0297444
1.0656939
1.0340279
1.0745211
0.96697295
0.9549831
0.91467005
0.9554835
0.98776996
1.0226786
1.0318861
1.1457595
1.1669369
1.1623932
0.88588643
1.0245801
1.0198563
1.1617726
1.0190756
0.88178307
1.1111511
1.0961789
1.1542064
1.0699173
1.0249605
1.0251206
1.1595308
1.0866711
1.088993
0.97764164
1.2044677
1.0381312
1.1737025
1.0477391
1.0812666
1.0860106
0.96505135
0.93708843
1.0648732
1.0556256
1.0453973
1.0485398
1.023239
1.0728397
1.0194759
1.0958986
0.99735785
1.080466
1.1152545
1.065774
1.0289037
1.13425
1.1183571
1.0640526
1.1039453
1.0333073
0.9835665
1.1204388
1.1258632
1.0604296
1.1666566
0.98664904
0.9428732
1.1239617
1.0839889
1.0631518
1.0172741
0.9212154
1.0594087
1.091595
0.9984788
1.1111311
1.0316659
1.0905943
1.076863
0.9053224
1.0354891
1.0782841
0.97161674
1.1302068
0.9454753
0.9699954
0.95846593
1.0003603
1.0388118
1.003623
0.9492584
1.1406953
1.0481795
1.1553874
1.0137112
0.95808566
0.997618
0.9214756
0.89345264
1.0191557
0.95626414
0.90380114
0.93030286
0.9699554
0.9607678
1.0312656
1.0867711
0.91164756
0.95640427
1.0183151
0.971957
0.9738986
0.95604396
0.95946676
0.9275806
0.9287816
1.1120518
0.95458275
0.9431534
0.95616406
0.91310877
0.9838868
1.0203767
0.94035107
0.97113633
0.9474169
1.0153326
1.0043635
1.0368102
0.98895097
1.0363097
0.96132827
1.0591885
1.1046858
1.1808283
0.9562241
0.968314
0.94197243
1.0636321
1.0108489
1.0497208
1.208511
1.1791869
0.96318984
0.96875435
1.1076483
1.0027022
1.1283453
1.0607498
1.0647131
1.0217578
1.0481395
0.9313437
1.0205169
1.1400548
1.0762025
1.2184391
1.0891131
1.2125943
0.96517146
1.2226425
0.9929742
1.1710603
1.2031065
1.1241018
1.0847695
1.0838287
1.2535279
1.0630317
1.1150143
1.062171
1.1286055
1.1446586
1.0615505
1.1014231
1.1265638
1.0776637
1.0196362
1.1013031
1.1209792
0.9881703
1.0514021
1.1405953
1.1058668
1.1262635
0.9882504
1.0766228
0.9748794
1.056006
1.0788246
1.0619909
1.1782461
1.1123722
0.9925739
1.1079285
0.97277766
1.0506215
1.0655738
1.1191577
1.059749
1.08535
1.1920775
1.2107128
1.1785064
1.0503412
1.1141536
0.8608259
1.0
1.0846895
1.1337698
1.0662143
1.2403971
1.0511019
1.1406354
1.0642127
0.0
1.0619909
1.0504414
1.1408556
1.1471006
1.2187794
1.1154346
1.0551653
0.96825397
0.9782622
0.8393683
1.0809864
0.9824456
0.89421326
1.0098081
1.2745651
1.102484
0.9591665
1.1128926
0.95666444
0.98706937
1.118277
1.0834885
1.0617507
0.92872155
0.9984187
0.0
0.7067195
0.9674133
1.2298285
0.9970776
0.9497388
1.1186373
1.075522
1.2511259
1.0330871
1.0850898
1.269501
1.0776036
1.0098681
1.3201826
1.0271623
1.159691
1.1457795
1.0661342
1.0743209
1.3710443
1.2688805
1.3074521
1.3191017
1.1614925
1.4428431
1.1110711
1.2126544
1.4714266
1.1165556
0.99211353
0.9837867
1.1188775
0.83052105
0.8868272
1.0193359
1.0242199
1.0113493
0.9984988
0.9782021
0.98126465
0.99007183
0.8472147
0.903701
1.0680958
0.8979363
0.9362277
0.86014533
1.0049641
1.0228587
0.9464961
1.0649933
0.85736305
0.8970756
0.7135051
0.969535
1.0078864
0.80307853
0.9335855
0.9471166
0.9206149
0.88212335
1.0645128
0.9440341
0.97592026
0.9442143
0.96923476
0.9819252
0.840189
0.92686003
1.0454372
0.72619545
1.0845894
0.92932206
0.9516003
0.84619385
1.0028223
0.99021196
0.73212034
0.89067036
0.9619888
0.99771816
0.8973358
0.8374467
0.8428711
0.9601273
0.867091
1.0017414
0.9945355
0.84637403
0.96196884
0.92477834
0.7871855
0.92373747
1.0132508
0.924458
0.94105166
0.9704157
0.96905464
0.9486579
1.0284433
1.075622
0.912248
0.91837305
1.0375708
0.891471
0.8913109
0.8739967
1.0174143
0.7458316
0.918233
0.871955
0.90384114
0.97031564
0.73590344
0.7742549
0.8864669
1.0007607
0.8496367
0.8461338
0.9375488
0.8028183
0.970716
0.854881
0.9483977
1.0006806
0.875618
0.8879081
1.0300647
0.9428732
0.95812565
1.06099
0.81116515
0.98434716
0.94771713
0.7673693
0.8776597
1.0759223
0.86761147
0.7225125
0.9017995
0.7721932
0.83494467
1.0956784
0.871935
0.89113075
0.88140273
0.9812446
0.87237537
1.2148361
0.9508797
1.0053244
0.9410116
0.7593427
0.9624092
0.91274846
0.9771012
1.2254049
0.9956364
0.9864088
1.2018055
0.9797834
1.0289638
0.96212894
1.1749635
1.0161732
1.0137312
0.9574651
0.8591445
0.9360676
1.0168138
1.054825
0.9785024
1.2905582
0.9847875
1.1034448
1.0008807
1.2496247
1.1362917
0.998839
1.0408535
1.1938189
1.0591285
1.0435157
1.0147921
1.0418344
1.0742209
1.0729798
1.0418543
0.9810445
1.1740627
1.0284834
1.1874938
0.92627954
0.96044755
1.076823
1.077964
1.0477992
1.0596889
1.225605
1.0811665
1.1993034
1.0114094
0.9066635
1.1093297
1.064613
1.1990433
1.1442382
1.1623131
1.0765027
1.0062051
0.9819852
1.0959187
1.0740007
1.0190356
1.008587
1.0522228
1.1037852
1.0713786
1.0496007
1.1859125
1.1773254
1.0197362
1.0230589
1.0101883
1.0307252
1.1599312
1.0484197
1.2335114
1.0443764
1.0563662
1.1633339
1.1560079
0.884145
1.0969595
0.9692548
1.0674753
1.0577273
1.2075702
1.0859905
0.9835465
1.0824076
0.9976981
1.1327689
0.88994974
1.0285434
0.98636883
1.0235193
1.0480994
0.92738044
0.9259593
0.9992594
1.0388719
0.91623133
0.9263196
1.0233191
1.0970196
0.9175324
0.996357
1.0040433
1.0162734
1.0578874
1.0893133
0.98004365
0.9473368
1.2082908
1.0488601
1.2614944
1.0426149
1.2615545
1.2691207
1.0583478
1.0167937
1.004844
1.053564
1.0187954
1.3392181
1.1666566
0.94151205
1.0794451
1.0901339
1.1545467
1.0348285
1.0586681
1.291399
1.4049921
1.1276847
1.0518426
1.2177986
1.0530235
1.206069
1.0961989
1.3712044
1.1641346
1.2266058
1.193899
1.110891
1.1118917
1.204888
1.3009868
1.2288677
1.2323306
1.1604716
1.2937008
1.1728218
1.2810705
1.2410576
1.2677195
1.1577893
1.0843291
1.1557877
1.1781061
1.0712785
1.0821874
1.0568867
1.1687183
1.0740207
1.2495046
1.0133109
1.0930563
1.064493
1.1746032
1.1115315
1.1489822
1.0653336
1.0528634
1.0371705
1.0874317
1.3247063
1.5967293
1.1488221
0.97944313
1.1557478
1.3321724
1.2969635
1.1749434
1.1177566
1.261034
1.1120318
1.0764828
1.4831963
1.5027922
1.1665967
1.1344303
1.0848296
1.363438
1.1223003
1.1702195
1.3556917
1.2973038
1.1616926
1.2021458
1.2297884
1.1481415
1.3575732
1.103565
1.4626393
1.1977621
1.1599112
1.3891791
1.0314257
1.1328089
1.0
1.2538682
1.092636
1.3759083
0.9578655
0.8189315
1.3796113
1.1323686
1.0923357
1.1255629
1.279289
1.1381133
1.075522
1.0571069
1.1251626
1.1851718
1.2648772
1.0310254
1.0714786
0.99747795
1.1190176
1.0945776
1.034168
1.2453412
1.2359935
1.1776657
1.1143538
1.2490442
1.1712204
1.1855721
1.2160372
1.4681239
1.0846695
1.1129125
1.2455213
1.1978222
1.3727256
1.1796073
1.2083108
1.2147161
1.2137152
1.1917772
1.3132969
1.2542485
1.1483016
1.0995816
1.1449589
1.2691007
1.2300687
1.0953583
1.2031466
0.770692
0.75870216
0.92227626
0.82201403
0.8844252
0.84897614
0.9982586
0.81835103
0.90199965
0.9696751
0.8920915
0.97604036
0.9635501
0.86258733
0.79737383
0.9564243
0.79383093
0.7728137
0.79653317
0.7875858
0.9386897
0.75433856
0.943934
0.97057587
0.88676715
0.8969155
0.8810825
0.9225565
0.8858064
0.81602913
0.96749336
0.82295483
0.8368062
0.86518943
0.82297486
1.0620909
0.8349647
1.0426149
0.9535619
0.8188515
0.86370826
0.8728157
0.96226907
0.9306231
0.9851878
0.8288597
0.97393864
0.84457254
0.813407
0.8075822
0.8904502
0.99631697
0.9328049
0.8851658
0.8680918
1.0393523
1.0355492
1.0563662
1.0118297
0.90089875
0.95522326
0.9094658
0.8981365
0.9701355
1.086571
1.1102504
1.1915971
1.1063071
1.0936568
1.0850097
1.0701375
1.2835726
1.0072259
1.1066874
1.1371124
1.053684
1.107308
0.9993595
0.9883304
1.1204388
1.1271843
1.0428351
1.174463
1.3517485
1.1128926
1.0820472
1.0582278
1.2129346
1.1087892
1.1528853
1.1460197
0.99017197
1.2152365
1.1665366
1.1478612
1.1797473
1.0411937
1.1494025
1.0860306
1.0261214
1.1909766
1.1152345
1.1676375
1.0947777
1.1481215
1.0399327
1.0148121
1.037871
1.152465
0.9697952
1.0472387
1.0769831
1.1099502
1.004844
1.1662763
0.95504314
1.0698973
1.0445565
0.94197243
0.84515303
0.750015
1.0519226
1.0492604
1.0933965
0.90570265
1.0625713
1.2263256
0.8708541
1.0837687
0.96941495
1.2215216
1.26826
1.0431954
1.102504
0.9977381
1.3001261
1.0675154
1.2319502
1.0180749
1.1321083
1.1057067
0.98776996
1.0612302
1.1491823
1.1438179
1.0846895
1.2076503
1.1153346
1.2614144
1.1903161
1.1729418
1.1155148
1.1356512
1.2173582
0.993895
1.1119318
1.0040433
1.0736203
1.1428971
1.1856923
1.2382954
1.1050261
1.0112692
1.3301107
0.9520407
1.2606537
1.092636
1.0718389
1.0165136
1.0794251
1.0680158
1.3988671
1.209812
1.1862127
1.25607
1.2571108
0.97139657
1.0493004
1.1699994
0.9981385
1.2164174
1.1407354
1.1254829
1.1920775
1.3348145
1.1013432
1.1368322
1.0922357
1.2232031
0.9820653
0.95152026
1.0047039
1.4472468
1.3154787
1.2862548
1.2230629
1.1777058
1.4272704
1.234212
1.5452671
1.2388558
1.1545067
1.4115374
1.2387558
1.2757461
1.2922996
1.2045077
1.3617367
1.07312
1.4790528
1.4016694
0.9982986
1.2359935
1.3566525
1.2774475
1.4735883
1.2590724
1.2170379
1.3071519
1.2671591
1.3790509
1.3824536
1.3201025
1.2523669
1.1990032
1.2191998
1.3401589
1.2282872
1.3372766
1.3654196
1.3281691
1.2478232
1.3830541
1.2168378
1.1502231
1.1924378
1.3612763
1.293841
1.3826138
1.1838508
1.2739246
1.2392162
1.2948418
1.2571509
1.1850117
1.2571309
1.1754439
1.3001661
1.3408395
1.1898557
1.2415981
1.2485238
1.2909186
1.1407754
1.2928001
1.3917012
0.85858405
0.7480134
0.92936206
0.7881863
0.80820274
0.79122883
0.6905062
0.87495744
0.78580433
0.8284193
0.6854821
0.7290378
0.8356052
0.7201105
0.8454733
0.9542625
0.854841
0.6702496
0.8446726
0.66336393
0.76839006
0.8653496
0.91471004
0.84795535
0.8797614
0.6690286
0.7069597
0.824396
0.8419904
0.8539603
0.99771816
0.97674096
0.78005964
0.70824075
0.8884285
0.8192118
0.7590624
0.66518545
0.8145079
1.007326
0.730499
0.802478
0.61422366
0.8206729
0.6081387
0.8816229
0.023239056
0.8197722
0.8413299
0.44338357
0.7279169
0.8822635
0.8363658
0.73886585
0.7470326
0.7425489
0.86020535
0.66918874
0.9249985
0.753658
0.6357413
0.7258552
0.7403471
0.7600032
0.67239136
1.076703
0.85492104
0.9650714
0.9657119
0.96667266
0.9379892
0.9751396
0.89433336
1.0265018
1.0640725
0.9228367
0.9595068
0.9857283
0.9263796
0.8691527
0.9008387
0.943934
0.915871
0.55237293
0.87946117
0.94929844
0.932945
0.9599672
0.8786005
0.92419785
1.0051442
0.92249644
0.85277927
0.9031806
0.9549631
0.90047836
0.92966235
0.9117076
0.84929645
0.989071
0.8624672
0.9404712
0.96761346
0.897536
1.0493605
0.9788026
0.89369285
0.9732781
0.89029
0.86054564
0.9364879
0.9138894
0.9118277
0.9200344
0.9124882
0.94133186
0.95296144
0.8668108
0.89241177
0.93907005
1.0321864
0.94227266
0.89193135
1.0046238
0.95482296
0.9322845
0.9453752
0.9612482
1.0600493
1.0083869
0.9889109
1.0169339
0.9656518
0.8419304
0.90482193
0.93971056
0.93100345
1.0445765
0.97397864
0.99469566
0.9257191
0.93628776
0.9849877
0.93720853
0.92089516
0.8638483
0.9409716
0.9435737
1.063452
1.0056846
0.9563442
1.0624312
0.95724493
0.99137294
0.95400226
1.0262015
1.0309254
0.891451
1.0894734
0.9648912
0.9442743
0.79821455
0.9123681
1.0811466
1.053704
0.947557
1.0254408
0.90844494
1.0299245
0.8985168
0.99861884
1.1496427
1.0148722
0.9850077
1.1161753
0.98957145
1.0091876
1.1148742
0.98981166
0.9551232
0.9746192
0.9810645
0.9851878
1.1662763
1.0852499
0.96905464
1.0753618
0.9189936
0.9845073
0.98092437
0.87061393
0.87543786
1.1745031
0.74625194
1.2041874
0.74881405
1.0781441
1.2474029
1.0884726
1.3409996
1.0754418
1.0573871
1.2620549
1.004884
1.102364
1.0946176
1.1348906
0.8643087
1.3151585
1.3139174
1.2399768
1.2337116
1.1940391
1.2037071
1.017054
1.131728
1.1462799
1.0359094
1.1067275
1.0831882
1.2422787
1.145159
1.0055045
1.1356112
1.1242219
1.1075082
1.1656559
1.0989012
1.1212595
1.1343302
1.1431373
1.1957204
1.0898737
1.0422347
1.157269
1.0620909
1.2033668
0.9892512
1.1862727
1.1259633
1.1593506
1.0702376
1.1789668
1.0371505
1.2025061
1.0943974
1.0855502
1.1948397
1.2266058
0.9923337
1.127965
0.99079245
1.3428011
1.0895535
1.150003
1.2632158
1.0999019
0.94567543
1.0450569
1.0935967
1.0554054
1.042695
1.2063092
0.9046418
1.0888929
1.0096879
1.0008407
1.028003
1.0160732
1.050021
1.0393523
1.1408155
1.2139354
1.0459777
1.0250205
1.1313277
0.9483977
1.148762
0.90848494
1.1667768
1.0685161
1.0503212
1.0934967
0.0
1.1775056
1.0479593
1.0449569
1.1125923
1.1282052
1.0138714
1.1088092
1.1321484
1.2398767
0.94801736
1.0629116
1.0994816
1.0662143
0.9629896
1.1041454
1.1212995
1.0970997
1.0941572
1.1281251
1.1903161
1.2677596
1.1808482
1.0313457
0.98248565
0.9247983
1.1035249
1.177946
1.1859125
1.2246442
1.0939571
1.0557457
1.0618707
1.1311275
1.0227586
1.1187774
1.1373926
1.3681018
1.1420565
1.1094497
1.2250845
1.1797473
1.3741268
1.0953782
1.3150183
1.2535279
1.02438
1.302548
1.0593287
1.1376128
1.1827899
1.1613723
0.9446346
1.3181008
1.3278488
1.2433996
1.4446646
1.178066
1.1379532
1.1772053
1.0942373
1.1656559
1.0450369
1.1178967
1.082848
1.1917173
1.1846914
1.1961008
1.1836106
1.043796
1.0833284
1.0333273
0.9721772
1.0395925
1.1700594
1.0470986
1.1687784
1.0328069
1.0730599
1.090174
1.056166
1.1623131
1.1242619
1.0799255
1.095198
1.165736
1.088913
1.087852
1.1179568
1.1764847
1.1453391
1.0796853
1.0617507
1.2362938
1.131708
1.1038051
0.9526412
1.1722212
1.1453792
1.1156548
1.1674974
0.78019977
0.6921676
0.71102303
0.7408075
0.8706539
0.95027924
0.90123904
0.62973636
0.71456593
0.87253547
0.74473065
0.82675797
0.7277368
0.88260376
0.835345
0.7698713
0.8970756
0.7556997
0.80726194
0.8747173
1.0227586
0.7751156
0.7547789
0.85418046
0.86759144
0.8440121
0.89029
0.940251
0.89089054
0.8640085
0.8571629
0.78600454
0.8654897
0.9078444
0.76100403
0.9072039
0.97381854
0.7851638
0.87870055
0.79345065
0.70579875
0.7506355
0.6766749
0.9066835
0.69919336
0.7735543
0.9557837
0.8552413
0.8386877
0.91436976
0.86176664
0.7642867
0.73043895
0.7760764
0.70383716
0.7386457
1.0604095
0.96312976
0.9769811
0.726876
0.8716147
0.9139895
0.9913529
0.8618267
0.99507594
0.9856082
0.95144016
0.99015194
0.952461
1.1130527
1.0808063
1.1501431
0.9905723
0.91250825
0.94469464
0.9236974
0.9435737
1.0851898
0.98785
0.9753798
1.0557057
0.9698553
0.9369483
0.9358674
0.93568724
1.0107489
0.9078444
0.9298625
0.9100462
0.8186713
0.9457355
0.9038812
0.96050763
0.9315839
0.90258014
0.92001444
0.9898917
0.8669509
0.91555077
0.8424108
0.8997578
0.8744971
0.9833864
0.9216558
0.9476371
0.9143898
0.96725315
0.9399107
0.9550231
0.9075442
0.8882083
0.9288817
0.8371665
0.9549831
0.8051002
0.5884425
0.6030945
0.9680938
0.53990275
0.59941155
0.81506836
0.6943293
0.93222445
0.94469464
1.007446
0.84149003
0.91553074
0.97289777
0.9039212
0.8049
1.0381513
0.73143977
1.0540444
1.0681158
1.1054465
0.7448908
1.0479393
0.9010789
1.078084
0.9310234
1.135411
0.8825437
1.0936368
0.9793831
1.0106688
0.9828659
1.1961808
0.93882984
1.1002622
1.0793251
0.9986789
1.030425
1.1180768
1.1724814
0.9242179
0.8759383
1.0838487
0.9690146
1.0712985
1.0027423
0.9686943
0.9883705
1.0286835
1.2234633
1.1249424
1.1837707
0.99861884
1.0568466
0.9552433
1.0388118
1.0579475
1.1794271
1.2005845
0.7643468
1.070658
1.0035429
1.0070257
0.9713365
1.0018015
1.0135711
1.0832483
0.9721772
1.0551453
0.97359836
1.1271843
0.82555693
0.9266198
0.9757001
1.2014252
0.9736584
1.1529454
1.0637923
1.3796113
1.1295062
1.0791849
1.189115
1.068216
1.3184011
1.0800257
1.4588763
1.1701396
1.1543065
1.4006485
0.9510599
1.0835285
1.3396986
1.1510639
1.2911788
1.5022519
1.3710643
1.3647791
0.0
1.2040073
1.1789668
1.0983607
1.1933585
1.0447167
1.2107528
1.0477391
1.0831482
1.0501211
1.196421
1.0544046
1.0830481
1.1139535
1.237835
1.0397927
1.160932
1.0695971
1.2267259
1.1642547
1.1129326
0.96835405
1.1261635
1.1117916
1.0037631
1.5565163
1.2222022
1.1738626
1.0527233
1.2229028
1.2441201
1.2221621
1.056106
1.2550491
1.2330111
1.3657199
1.4374788
0.98428714
1.2252847
1.2915391
1.1601913
1.1811085
1.0693569
1.1886346
1.1969415
0.82982045
0.7893473
0.8974159
0.8197922
0.8808823
0.7718529
0.9019396
0.7543586
0.73894596
0.8668708
0.8749375
0.7898477
0.73712444
0.7868452
0.62433195
0.8837847
0.8028784
0.8298004
0.8406093
0.7665886
0.5190456
0.7090414
0.76408654
0.74362975
0.8088633
0.9009788
0.73736465
0.8666907
0.73077923
0.8382073
0.9296423
0.9517004
0.8669309
0.7106627
0.82407576
1.0200365
0.721972
0.8459937
0.7924898
0.92686003
0.85031724
0.76508737
0.9502592
0.8654697
0.87091416
0.9599672
0.9076643
0.77855843
0.8729758
0.9173122
0.8213135
0.846354
0.96044755
0.8490763
0.8164295
0.869513
0.92557895
0.82591724
0.85760325
0.8644689
0.8534398
0.7652475
0.86899257
0.8716347
0.9433936
0.8003363
0.85031724
0.8119458
0.81644946
0.8065814
0.9038812
0.8370664
0.8193719
0.8453732
0.93202424
0.8291399
0.8683721
0.84445244
0.7776777
0.8443724
0.88106245
0.8163694
0.8906103
0.864609
0.7907284
0.80251807
0.73226047
0.85882425
0.86665064
0.80808264
0.7796193
0.8918513
0.8260774
0.8846654
0.93394583
0.87351626
0.8875678
0.80347884
0.8540003
0.8312016
0.8538402
0.7696511
0.80349886
0.7896875
0.78552413
0.7153666
0.7152265
0.7819012
0.78604454
0.857283
0.7765568
0.83528495
0.76204485
0.8726556
0.8727957
0.8035189
0.785384
0.7978142
0.65749913
0.8667307
0.7994155
0.85772336
0.88260376
0.81284654
0.8458936
0.8387278
0.8052603
0.83846754
0.89213157
1.0215777
1.1538261
1.0564864
1.0602894
0.996337
0.9476971
0.941432
0.96068776
1.0534638
0.957345
1.0160732
0.9862287
0.91082686
1.0502212
1.2379551
0.9698753
1.0191557
1.0712785
1.0039032
1.0032027
1.1738025
1.0574671
0.882944
1.0032827
0.9732781
1.0752617
0.98538804
1.009788
0.9948758
0.91078687
0.90982604
0.8876078
1.0197762
0.9690146
1.054905
1.051242
0.9665325
0.9976981
0.9379491
1.0023619
1.0490602
1.0831282
1.0591486
1.2856542
1.0354091
0.9412518
0.9797834
1.015913
0.9906323
0.9213755
1.0794652
1.0146921
1.0921556
0.99943954
1.1285254
1.0737205
1.1089894
1.163394
0.9053824
0.98230547
1.0067855
0.92603934
1.0468584
1.1385536
0.9471166
1.0266619
0.95846593
1.0470386
1.0464181
0.993835
1.1512841
0.9241778
0.91529053
1.0534638
1.0156128
1.0556056
0.991453
0.9727977
0.9967974
0.96753335
0.9408515
1.0721992
1.008627
1.0007607
0.97916293
1.0322465
1.1455194
0.9954162
1.0538641
1.0672151
1.0782841
1.01219
1.0042435
0.98909104
1.0508217
1.0798254
1.0130507
1.0562261
1.021978
1.0455974
1.0459176
1.0288036
1.0016013
1.0345483
1.114714
1.0540444
1.0750415
1.1373526
1.026722
1.01223
0.96651256
1.0162133
0.9547829
1.0176744
0.89785624
0.96276945
0.95812565
0.9103665
0.96969515
0.798755
1.0327269
1.0092876
1.0001601
1.1407554
1.0189155
1.0131708
1.1031046
0.9574651
1.0811865
1.018375
1.0879321
0.9713365
0.8857663
0.9541424
1.0624512
1.0206369
1.0013211
0.9435137
1.0337076
0.99481577
0.9303629
0.99249387
0.91947395
0.89311236
1.0045637
0.98712945
0.9066034
0.86723113
0.9156108
0.94823754
1.0252006
0.86028546
0.9917132
0.9530415
0.93919015
1.0728598
0.99671733
0.9568246
0.961008
0.945095
1.0697172
0.96563184
1.1159751
1.0553254
0.8935928
0.90826476
0.9542025
0.9840269
1.0241798
0.90982604
1.0776637
1.0823876
0.9778218
0.95190054
1.0924758
0.99225366
1.0941572
0.971997
0.93580735
1.0400529
1.0131308
0.9625293
1.0821674
1.0131909
0.99387497
1.0102284
1.0810264
1.1129526
1.0936568
0.9030805
1.0265018
0.9334254
0.87828016
0.8826638
0.9119478
0.98420703
0.9819852
0.97970337
1.026862
0.9436738
0.9334054
0.9520407
0.87213516
1.0153126
0.9515403
0.95776534
1.0118097
0.96899456
0.9150503
1.008627
0.9959767
0.9461158
1.0000801
0.9572049
1.0223383
0.9882704
1.0278229
0.9904522
0.9386497
0.9530615
0.9784023
0.9869693
0.9455553
0.89553434
0.91665167
0.9656118
0.9392102
0.97527975
1.0092876
0.9639104
0.898757
1.1991833
0.9439941
1.0265018
0.9589263
0.721932
0.9970976
0.5998919
0.97910285
0.6191877
0.5357994
1.0262616
0.90187955
1.1065474
0.94919837
0.9114274
0.5388218
0.57847434
0.99845874
0.94551533
0.9169519
0.5770732
0.93150383
0.96184874
0.57465124
1.1611321
1.0724394
1.1368523
1.0824276
1.0536239
1.1157149
0.978102
1.2578715
0.9943153
1.2551893
1.037891
1.0965191
1.1201385
1.0523429
1.1662563
1.1285254
1.1794472
1.0876518
1.2291479
1.080506
1.2181989
1.2356733
1.1675774
1.0806862
1.1093696
1.1915771
1.0953182
0.976861
1.0954983
1.130427
1.0721992
1.1045457
1.0518225
1.0749614
1.0171541
0.96032745
1.1192778
1.2276866
1.1531255
1.0345883
1.0671551
1.098801
1.0157129
1.0689965
1.1761044
0.96643245
0.99601674
1.0581076
1.0559058
1.1016834
0.91845316
1.1077884
1.0749215
1.1051062
0.9961168
1.0250205
1.0747013
1.2134551
1.0759623
1.0227987
1.1560279
1.0026422
1.0252807
1.0888729
1.1606117
1.1508837
1.1027042
1.1282451
1.1054665
1.0813867
1.057347
1.2825917
1.0509617
1.0758421
1.1924378
1.1386737
1.0196161
1.1262035
1.1783262
1.1328089
1.1471606
1.2322304
1.1931183
1.3601353
1.0048239
1.1183771
1.1834705
1.2088712
1.1133529
1.1398947
1.143898
1.1607919
1.3000461
1.24398
1.0762225
1.1205989
1.1247222
1.1015033
1.2261454
1.2054685
1.3272283
1.3278888
1.2355932
1.1057868
1.312176
1.1801478
1.2909186
1.1789668
1.3513482
1.1593106
1.257311
1.1545067
1.2325708
1.3090134
1.2674392
1.1434577
1.2040073
1.1266239
1.0477391
1.2771072
1.2977241
1.215837
1.1619529
1.1600512
1.3068917
1.1141336
1.2015653
1.2710422
0.9947757
0.97870255
0.9643708
0.95372206
0.8967954
0.98618865
1.0047039
0.98781
0.88654697
0.92982244
0.8490362
0.85470086
0.82982045
0.8987169
1.0019416
0.91262835
1.0185353
0.99253386
1.0794852
0.8476351
1.0615906
1.0144719
1.0291039
0.9849877
0.9520607
0.89339256
0.959787
0.97057587
0.97329813
0.9325247
0.98310614
0.8647491
0.94517505
0.8879081
0.8879281
0.9077644
0.9069437
0.87665886
0.8726155
0.891431
0.91320884
0.8623471
0.90652335
0.81861126
0.95894635
0.8142877
0.86480916
0.88228345
0.71806884
0.8564423
0.8434917
0.9346064
0.8649493
0.91629136
0.8874277
0.85840386
0.88148284
0.79058826
0.86422867
0.948818
0.84092957
0.83220243
0.8924518
0.8492564
0.85626215
0.82557696
0.73638386
0.76921076
0.80445963
0.7680098
0.8586841
0.87968135
0.7629256
0.8564823
0.86502934
0.8739166
0.80469984
0.82797897
0.879241
0.90958583
0.915851
0.8663504
0.8960748
0.8491963
0.74943453
0.84567344
0.8013171
0.7893473
0.8269381
0.8521988
0.8404892
0.82227427
0.8806221
0.79507196
0.868332
0.7948718
0.95690465
0.8717548
0.7504554
0.85934466
0.7480734
0.947577
0.81088495
0.9674733
0.81540865
0.76835006
0.77491546
0.9894313
0.8104846
0.8518185
0.8307412
0.8388078
0.9203347
0.91583097
0.93965054
0.8983967
0.81332695
0.87201506
0.9278809
0.9278008
1.0526832
0.81761044
0.8180708
0.99177325
1.0684361
0.86270744
1.0117897
0.92115533
1.043896
0.94481474
0.97417885
1.0538242
0.8680118
0.89025
0.87217516
0.93969053
0.9018395
0.9381493
1.0090274
0.85654235
0.8715547
0.9485578
0.9733982
1.0152725
1.020777
0.9275206
1.030425
0.970716
0.99009186
0.98728955
1.0297444
0.9720571
0.8835245
1.006025
0.83236253
0.9054825
0.8819032
0.9350267
0.96897453
0.91030645
0.92349726
0.8336236
0.87763965
0.9986789
0.83644587
0.86368823
0.9138694
0.8942533
0.7737745
0.9052223
0.9311435
0.83482456
0.8860866
0.89653516
0.8751776
0.8802818
0.9679137
0.9663324
0.88380474
0.9174723
0.99359477
0.8074021
0.89287215
0.97998357
0.9077844
0.9228367
0.8992974
0.8822034
1.0563262
0.9117877
0.9322845
1.0985007
0.9664525
0.94249284
0.8803419
0.9076643
0.832863
0.8224744
0.90129906
1.0494006
0.94335353
0.91907364
0.87956125
0.83076125
0.8601253
0.95124
0.79190934
0.8455934
0.9201145
0.84201044
0.87457716
0.9045217
0.8381473
0.7912688
0.8100442
0.85626215
0.8127064
0.7971737
0.7821413
0.92331713
0.76822996
0.8484958
0.78298205
0.779239
0.82761866
0.7900278
0.8224544
0.82087314
0.7898477
0.82053286
0.90814465
0.8386677
0.8322825
0.7919694
0.8418703
0.83516484
0.7760764
0.84497285
0.796353
0.7233331
0.8469745
0.8942933
0.82285476
0.8506976
0.83238256
0.85003704
0.8558418
0.8842251
0.8520587
0.88602656
0.8192718
0.8544807
0.85986507
0.84173024
0.9264397
0.81895155
0.81901157
0.83262277
0.83898795
0.78640485
0.8124662
0.8408695
0.7663884
0.8688925
0.84108967
0.8421706
0.8982566
0.809724
0.8188515
0.834204
0.88026184
0.89775616
0.8532196
0.8771993
0.83346343
0.81981224
0.8471547
0.85782343
0.86260736
0.7818211
0.70301646
0.7455914
0.79042816
0.76704895
0.84985685
0.78674513
0.9957565
0.85700274
0.875618
0.78836644
0.799976
0.92704016
0.81296664
0.9371284
0.85742307
0.7774375
0.8937128
0.8056206
0.6693889
0.9435537
0.8403491
0.75565964
0.8845453
0.86787164
0.84569347
0.80576074
0.76102406
0.7864649
0.8527393
0.82917994
0.78942734
0.8934126
0.8614664
0.88438517
0.8389279
0.7722533
0.80534035
0.848796
0.8314618
0.8691327
0.892672
0.80884326
0.8969155
0.91907364
0.924378
0.8386677
0.82051283
0.95005906
0.80798256
0.8588042
0.86637044
0.80333877
0.82557696
0.91691184
0.8211934
0.9778218
0.96631235
0.867111
0.94919837
0.6761945
0.80431956
0.867111
0.9042215
0.8480354
0.80848294
0.8504173
0.78322226
0.8217138
0.88532597
0.8465942
0.9411117
0.85870415
0.88118255
0.8857263
0.90031826
0.8612462
0.852399
0.80774236
1.0046638
0.8635281
0.8059809
0.9220561
0.8363658
0.8855862
0.8628475
0.87101424
0.83180207
0.8630677
0.8741968
0.8904902
0.8977161
0.8668108
0.8786005
0.8844252
0.86835206
0.87485737
0.96567184
0.83968854
0.88152283
0.8864669
0.879301
0.9138694
0.95394224
0.97527975
0.85784346
0.96529156
0.87225527
0.9702556
0.87910086
0.75614005
0.9906123
0.9511399
0.86398846
0.8991373
0.9165916
0.8452531
0.90750414
0.868332
0.8443924
0.8587642
1.0617707
0.94797736
0.842691
0.8720951
0.9423127
0.85544145
0.9284013
0.99973977
0.99607676
0.9653516
0.94673634
0.8440121
0.9783823
0.9346064
0.935367
0.81174564
0.91581094
0.8932925
0.9017394
0.71566683
0.8694329
0.931704
0.8386877
0.88484555
0.91066676
0.8312016
0.874417
0.82883966
0.98895097
0.8464141
0.9627495
0.86126626
0.86212695
1.01223
0.89943755
0.8691927
0.8883084
0.9180528
0.8647891
0.8484958
1.0699173
0.8277588
0.86909264
0.8075822
0.95464283
0.9058428
0.9302028
0.96330994
0.9332853
0.8741768
0.891511
0.9237575
0.97261757
0.8806221
0.87812006
1.020817
0.9053224
0.9732781
1.0217578
0.89437336
0.9151504
0.9555035
0.93848956
0.91006625
1.0569667
0.8551212
0.965852
0.8903501
0.8399488
0.90896535
0.873156
0.835305
0.92225623
0.70091474
0.8754579
0.9420525
0.84393203
0.83812726
0.85772336
0.86554974
0.8740567
0.97812206
0.74873394
0.825597
0.836526
0.8500771
0.95128006
0.83498466
0.9161512
0.87515765
0.8296603
0.89879704
0.9347265
0.9041014
0.8454933
0.87153465
0.90386117
0.9307432
0.952461
0.8661102
0.9384095
0.9472167
0.92005444
0.9157509
0.84517306
0.89959764
0.91088694
0.874397
0.9301427
0.9845473
0.95079964
0.91531056
1.0360895
0.91761243
1.071819
1.0349487
0.91052663
0.9422927
0.96557176
0.97161674
0.8953742
0.93913007
0.9518205
0.95067954
0.91336894
0.91140735
0.9969375
0.9200344
1.0037831
0.9347465
0.94129187
0.89311236
0.95372206
0.94361377
0.8848656
0.8408495
1.0264217
1.0119097
0.95272124
0.7839829
0.87537783
0.9300226
0.8273985
0.8840249
0.9161913
0.89663523
0.83940834
0.9129086
0.9040613
0.8854861
0.86370826
0.78142077
0.88774794
0.7663884
0.8177506
0.813387
0.9648912
0.96052766
0.8543005
0.89055026
0.949999
0.94725674
0.83274287
0.9608879
0.89129084
0.9544026
0.896315
0.869513
0.9309033
1.0098681
1.02436
0.94959867
1.0136712
1.0127305
0.81054467
0.88260376
0.96533155
0.97381854
1.0113693
0.9849076
1.0601693
1.0812666
1.0233592
1.0595288
0.9421726
1.0344282
0.98728955
1.1068476
0.91210794
1.031726
0.9695951
1.0038031
1.0982605
0.9553034
1.0976601
1.0424148
0.97834224
0.9576453
0.934106
1.0031626
0.99253386
1.0788847
0.8747573
1.0530235
0.9543626
1.0041834
0.9607078
1.0496007
1.0275426
1.0245202
0.9653516
0.95458275
0.954883
1.1090494
1.0169939
1.0341079
1.0844092
0.980524
1.0738605
0.94395405
1.1477212
1.0799055
1.1227607
1.0847895
1.058468
1.0300046
1.018295
1.1541865
1.042695
1.0422347
1.0202566
1.0339278
1.1356713
1.0823475
1.0726997
0.9957365
1.0489001
0.9946156
0.9988991
1.0809864
1.3522289
1.1704397
1.2753057
1.376769
1.2920794
1.1844112
1.1895354
1.4794332
1.2394964
1.3029485
1.163454
1.2871555
1.3799316
1.1766448
1.4176625
1.3794912
1.4513301
1.079245
1.3462039
1.2989452
1.4724474
1.373226
1.201205
1.2041674
1.1748834
1.3168799
1.2577113
1.1283653
1.3893392
1.1546268
1.2681599
1.2074702
1.2399768
1.1921976
1.1598511
1.172041
1.1385536
0.88126266
1.2506455
1.236514
1.1058067
1.2886167
1.1187173
0.89601475
0.8371064
0.7732541
0.76514745
0.9510599
0.9053824
0.9128085
1.2127144
1.1462599
0.9129086
0.896335
0.8481355
0.901219
0.9785624
1.2027262
1.319382
1.2725235
0.98120457
1.1379331
1.2114735
0.84627396
1.1444584
1.2116736
1.229308
1.1589303
1.1662363
1.2125943
1.1434376
1.3277087
1.0856502
1.2069898
1.1718409
1.033007
1.1693388
1.3046498
1.1244221
1.2114134
0.96433073
0.8005565
0.93448627
0.8929322
1.328049
1.1977221
0.8322224
1.0087872
1.1815889
0.90578276
1.1827699
1.1655357
0.995116
0.97161674
0.90640324
1.1958206
1.2163974
1.2489442
0.79112875
1.3151784
0.89091057
1.1490222
1.2539883
0.84823555
1.0269821
1.3686023
0.9701155
1.3198422
1.1574291
1.3924417
1.4258091
1.1435378
1.4471867
0.93626773
1.314618
1.1164755
1.352369
1.2287676
0.8911107
1.2542886
1.3208231
1.1623932
1.1857322
1.2888168
1.2887567
0.76494724
1.29276
1.4660422
1.3139575
1.1794472
1.2275466
1.2089914
1.1954403
1.2717028
1.1806881
1.2856942
1.3582537
1.1323485
1.2659781
1.1982425
1.1135731
1.26832
1.3212434
1.2184591
1.291379
1.1579895
1.181729
1.1195581
1.2824316
1.3180808
1.2266058
1.1888348
1.2211614
1.247603
1.1434777
1.0705578
1.2285274
1.3107748
1.17062
1.1940992
1.2233431
1.1416562
1.1215796
1.0229188
1.2874957
1.0150523
1.112192
1.1805681
1.1688784
1.0734001
1.046278
1.1062071
1.1055666
1.080526
0.98652893
1.0082868
1.0695771
1.1838908
1.1071079
1.1454192
1.1378931
1.082988
1.1443784
1.2213415
0.98887086
1.0545847
1.2128946
1.1009028
1.0416741
1.2063493
1.1149743
0.99507594
1.0432955
1.1370124
1.2421986
1.1740427
1.1561481
1.1944194
1.1493424
1.091355
1.2002842
1.1678176
1.2224224
1.1254629
1.0821073
1.2156368
1.1996237
1.2511059
1.0767229
1.1319482
1.1089493
1.0631518
1.150063
1.0635722
1.0859905
1.1614324
1.1697992
1.2752857
1.1613723
1.17076
1.0684562
1.1909766
1.2724234
1.2626354
1.1849316
1.1180768
1.1604716
1.159791
1.169539
1.1433575
1.1067475
1.3624572
1.2779279
1.1336896
1.2651374
1.2428391
1.2465422
1.1677376
1.2245442
1.1900759
1.335315
1.3303909
1.0800656
1.1456394
1.1407354
1.2449208
1.1433175
1.2808703
1.1533657
1.2996057
1.1596109
1.1148542
1.2260654
1.2019056
1.1002423
1.241498
1.1283252
1.1351308
1.0726196
1.425629
1.1281651
1.0339078
1.2124342
1.3528894
0.9601473
1.1291059
1.180468
0.95226085
1.0660942
0.9772213
0.7291379
0.98066413
0.9098661
1.1416762
1.0304049
1.0072459
0.6201085
1.1028043
1.0509418
1.0615705
1.1364119
1.0118498
0.96068776
1.1067675
1.0582678
0.97910285
1.0623711
0.8973358
1.0918152
1.074361
1.0211374
0.96795374
1.0418344
1.1795872
1.1919774
1.1590304
1.0743409
1.0461178
1.1702596
0.6737525
1.2522068
1.1689385
0.57837427
0.9996397
1.0936568
0.9932745
1.0470185
1.1079485
1.3479854
1.1370324
1.0875918
0.9404712
1.1053464
1.1769851
1.2009648
1.0078264
0.66344404
1.0651335
1.0601693
1.2122941
0.6849617
1.162253
0.9968174
1.1599312
0.9967373
0.8164895
1.0500611
0.5811766
1.2116536
1.0861506
0.6473708
1.0977602
1.189015
1.234192
1.0882924
0.8965552
1.0918553
1.1137133
1.1152545
1.0559058
1.0954182
1.2493244
1.2843531
1.071959
1.1466403
1.086591
1.1117316
1.0997819
1.2151364
1.0734402
1.1576693
1.0369103
1.0901539
1.165876
1.0332472
1.0996617
1.0849496
1.2016854
1.1505835
1.1015433
0.96911466
1.184191
0.94139194
1.0653936
0.6676675
1.1554675
1.1977822
0.9968574
1.2127745
1.1503233
1.0016614
0.9429532
0.72429395
1.0227987
0.9884105
1.1092896
0.7138654
1.0675354
1.1335095
1.1106107
1.026742
1.0914149
1.2064693
1.2738845
1.4562141
1.0838888
1.1054665
1.253728
1.0908545
1.1635541
1.113393
1.2058688
1.1104506
1.1127925
1.1033448
1.0796453
1.1226805
1.1216197
1.258472
1.1688385
1.4009688
1.224324
1.3703237
1.1703998
1.446326
1.2848536
1.152445
1.3080527
1.2042475
1.0889329
1.0880322
1.1299266
1.1387538
1.1319883
1.1044056
1.1491022
1.0770231
1.1187373
1.2663784
1.2045277
1.1493825
1.0678756
1.2102324
1.0961589
1.2110131
1.0375909
1.1926379
1.2989851
1.1947998
1.1984828
1.1054865
1.2286274
1.1801678
1.1541064
1.0958586
1.1409556
1.1657759
1.184091
1.153766
1.2445005
1.2212814
1.2392361
1.1130728
1.1363719
1.1312677
1.1962609
1.1672971
1.3172001
1.1910167
1.1103104
1.1802278
1.3289298
1.2766669
1.1385336
1.1721011
1.0527833
1.1359315
1.0924358
1.263476
1.2175584
1.1203988
1.2006044
1.1470006
1.2176585
1.1771252
1.2011049
1.1278048
1.0765027
1.1744831
1.1332293
1.1201185
1.0801657
1.1778258
1.1574091
1.1577893
1.0929562
1.1603515
1.1484417
1.1958606
1.1423768
1.1543866
1.0872916
1.1580496
1.1071678
1.0876919
1.180468
1.3959647
1.0526832
1.1714807
1.0131308
1.2669989
1.197462
1.6715707
1.1932585
1.2587522
1.2127144
1.2762866
1.2319902
1.1261635
1.1235813
1.062191
1.0894533
1.1151544
1.4448848
1.2920195
1.1734623
1.2459016
1.0975
1.2840929
1.124402
1.1431173
1.2211814
1.1917973
1.1008227
1.1643949
1.068336
1.1242418
1.2530875
1.1692789
1.1576893
1.0565664
1.1050662
0.98462737
1.1396345
1.0865309
1.1443985
1.1299666
1.1785264
1.0887527
1.2490442
1.1684581
1.1952602
1.2419784
1.1858524
1.1954203
1.1082487
1.1349306
1.0897536
1.1628536
1.0446767
1.1526651
1.0569067
1.1385736
1.1381333
1.08535
1.0790648
1.1711003
1.1274045
1.0636522
1.2018255
1.1172161
1.0357493
1.1342701
1.0157329
0.76368624
0.6343802
0.69288814
0.9611882
0.56750536
1.0396925
1.0925359
1.0980403
1.0464581
1.0615305
0.98184514
1.0772033
1.0696771
0.6845013
0.89483374
1.070658
1.0617907
1.1739227
1.1314878
1.0345883
1.1449789
1.2155968
1.0290238
1.0509617
1.1324686
0.90590286
0.9957165
0.9591665
0.9933746
0.91483015
1.065794
1.0400529
1.0676154
1.0886728
1.0162934
1.0220782
1.0185353
1.0544447
0.79244983
0.84993696
1.1378931
0.73904604
1.0356892
0.97445905
1.0505214
0.60823876
0.93842953
0.9859685
0.9603475
1.0430753
0.9966172
0.9873496
1.0229388
1.0796052
1.0645729
0.99775815
1.0605897
1.1848316
0.88982964
1.0406934
1.0314457
1.0839689
1.0712985
1.0775036
1.1314878
1.0128706
1.058488
0.95754516
1.0901339
1.1300066
1.0801657
1.1137933
1.0703977
1.0989211
1.1027843
0.95408237
1.1080486
1.1569287
1.2035269
1.0208771
1.1321684
1.1187373
1.2322705
1.1006225
1.1536059
1.001201
1.1885947
1.0581877
0.9789027
1.1062272
1.0362097
1.0096679
0.9647911
1.1678176
1.1162953
0.9927941
1.0173342
0.93953043
1.1138533
0.94563544
1.032907
0.99617684
1.0974799
0.9964771
1.1180768
1.0176544
1.0684762
0.99235374
1.1232411
1.054825
1.1256831
0.9824656
0.9847275
0.9971977
1.0826278
1.0701575
1.0934166
1.0092076
1.0244
1.0709581
0.9891311
1.115775
0.99619687
0.9557837
1.0317861
0.9307232
0.9126484
0.9722172
0.945155
1.0689765
1.0701175
1.0318061
0.97235733
0.9510999
1.0002202
0.9307232
0.88456535
1.0315459
0.90322065
0.98120457
0.9089053
1.0288036
0.9549631
0.96184874
0.9996597
1.0045037
0.9554835
0.9891511
1.053724
1.0706179
1.1313677
1.0146921
0.992694
0.9486379
1.0141516
1.0267819
1.0916151
1.0572269
0.95342183
0.9562241
1.043916
0.9832863
0.9542825
1.0439961
1.020777
1.1153146
1.1051662
1.0534838
1.1250626
0.8454733
0.9186533
0.91531056
1.0917352
0.8471947
1.0209172
0.9159711
0.964651
0.92710024
0.84911627
1.0742809
0.92301685
1.0861306
0.9459557
0.9740387
0.95043933
1.0488801
1.0931764
1.0016013
1.0889329
1.0571069
0.95748514
0.9868492
1.0156528
1.0231991
1.0741808
1.01221
1.1192578
1.0674953
1.1617526
1.2248644
1.0867511
1.1441182
1.093797
1.0635922
1.1872336
1.1555276
1.239036
0.9640905
0.9909726
0.9930343
1.1043456
1.0375508
1.0987209
1.1277847
0.6732721
0.819512
0.7954923
0.5790348
0.7924098
0.8050201
0.7864249
0.8506575
0.75740105
0.84383196
0.82673794
0.7554595
0.815889
0.7781981
0.6310975
0.72545487
0.714666
0.8741968
0.80197763
0.71406555
0.79256994
0.54879
0.7642467
0.82335514
0.9249785
0.8185512
0.7260554
0.8659701
0.7649873
0.7591425
0.7380452
0.6921876
0.73944634
0.7955524
0.7978943
0.8258572
0.765848
0.790248
0.85039735
0.77175283
0.7307192
0.8423507
0.8214536
0.75467885
0.7663484
0.8114254
0.802418
0.7321804
0.5053944
0.7971937
0.7174083
0.6724714
0.7291179
0.7681899
0.8179107
0.8229148
0.79611284
0.7453512
0.85440063
0.8422306
0.81715006
0.78320223
0.80163735
0.61160153
0.7214516
0.85654235
0.76490724
0.9086451
0.88874876
0.84917635
0.84527314
0.8983166
0.7130247
0.8270782
0.81907165
0.8993975
0.7723133
0.79723376
0.74519104
0.9381893
0.81825095
0.799996
0.793871
0.8092236
0.8074821
0.7314598
0.7808003
0.7812006
0.8019576
0.8247963
0.7476131
0.8507576
0.9090054
0.867111
0.8620469
0.86166656
0.74457055
0.90111893
0.89113075
0.82087314
0.8586841
0.8956945
0.9481575
0.7799996
0.82435596
0.8234152
0.81995237
0.85382015
0.7967734
0.8354651
0.8765588
0.82893974
0.43263477
0.45497307
0.9940751
0.85638225
0.99251384
0.8668708
0.843972
0.50031024
0.6413859
0.856062
0.95446265
0.8307012
0.59418726
0.8397686
0.7913889
0.8385476
