1.0370948
1.0183475
0.9911752
0.9935547
0.965821
0.9708413
0.9774151
0.9982187
0.9752997
0.99626166
1.009986
0.9809624
1.0138446
0.9759688
0.99487764
0.9884495
1.0185804
1.0424207
1.0483769
1.0326098
0.9636517
0.96193916
0.99513763
1.0292052
1.0249686
0.98063993
1.0030639
1.0689555
0.9698608
1.0043933
0.9567941
1.0000324
1.0047226
0.9896926
0.9635596
0.9887527
0.9822483
0.9917148
1.00272
0.9751605
0.9757602
0.9860979
1.0021287
1.0095385
1.0013222
1.0394112
0.97952396
1.0294143
1.0203803
0.97876906
0.98493755
0.9854559
1.0132494
1.0033468
1.0293173
1.0251945
0.99612045
1.0013419
0.9908403
0.99335104
1.0353117
1.011019
0.98513615
0.9923132
1.0101955
0.9623574
0.96473646
0.9899408
0.97127473
0.9986936
0.9899838
0.9472053
0.9845152
0.9695833
0.99430805
0.9866015
0.9794797
0.98130864
0.9737424
0.9688209
1.0007473
0.9953183
0.9571006
0.98019916
0.99697953
1.0111765
0.98073214
0.9900897
0.9899788
0.99530053
0.9900953
0.97922736
0.98251754
0.9705507
0.98502886
0.96410173
0.96320355
0.97550833
0.9733155
0.9800669
0.977737
0.9627342
0.96035427
0.98392236
0.99432015
0.98152477
0.9769294
0.9758823
0.98486143
0.9647744
0.958287
0.9850899
0.98818254
0.99605507
0.9566455
0.96582955
0.96878296
0.9755863
0.9638089
0.96136135
0.9728795
0.9794321
0.96716505
0.9782949
0.9976802
1.0230289
0.96044177
0.9626754
0.9650797
1.0037618
0.98900896
0.991977
0.9934458
1.0351536
1.0003117
1.0187072
0.99899787
1.0058178
0.9984199
0.99488384
1.0197856
1.036751
0.9755305
0.9767972
1.0002096
1.0018941
1.005533
1.0111649
0.9950439
0.9837273
0.97770745
1.0123535
1.025263
1.0198613
0.98626757
1.0655248
0.96732485
1.0121533
1.0059938
1.022743
1.0078245
1.0120342
1.029814
0.97786474
1.0388422
0.9817345
1.038336
1.021427
1.0514528
0.98093784
0.99819696
0.98441666
0.99511635
1.0131528
1.0152181
0.9764794
1.0321908
1.0010484
1.0341146
0.9951174
0.9998901
0.9906822
0.9818129
1.0105518
0.96283996
1.0161082
1.006918
1.0779629
1.0075725
0.9981474
1.014664
1.0199549
1.0224487
1.0619459
1.0223775
1.0374051
1.042311
0.9858988
1.0043719
1.0401472
1.0329231
1.0310581
1.0099434
1.0231285
1.0344075
1.0134802
1.0025158
1.0317675
1.0517857
1.0174795
1.0437123
1.0173526
1.0581397
1.0505891
1.0522046
1.0362016
1.0511827
1.0104197
1.0248063
1.0487307
1.0003393
1.0492005
1.0505608
1.0299166
1.0257427
1.0455891
1.0266453
1.0358484
0.98081625
1.0014629
1.0158799
1.0112104
1.0680678
1.0352253
1.0249977
1.0049745
0.96140546
1.0140722
0.99409
1.0060726
0.98723054
1.0204034
1.0366625
0.997246
1.0370258
0.99063724
1.0202127
0.98026186
1.01588
1.0223294
1.0249075
1.0371178
1.0471551
1.0311233
1.0233612
1.0072912
1.0095242
0.9955375
0.9868845
1.0711352
0.999833
1.0054017
1.0045204
1.0559546
1.0059812
1.0404596
1.0215514
1.0237479
1.0286286
0.9996246
1.091473
0.99046034
1.0134777
1.0191382
1.0308844
1.0344933
1.050909
1.0434847
1.019064
1.0545938
1.0320925
1.0368321
1.0188161
1.0384175
1.0280967
1.0268744
1.0257415
1.0099791
1.0465233
1.0271705
1.046031
1.0608338
1.0312371
1.0384914
1.0158098
1.0147558
1.0484062
1.01945
1.0861473
1.0420462
1.1147541
1.0449818
1.0090932
1.0320976
1.0076857
1.0273817
1.0012809
1.0125741
1.0047295
1.0302571
1.0217671
1.0259856
1.0339909
1.0244808
1.0639197
1.0285779
1.0174292
1.0121616
1.0081055
1.0140914
0.99448323
0.99316585
1.0075163
1.0632306
0.9999219
1.0424013
1.0774378
1.0210468
1.0665947
1.0306568
1.0015557
1.0702316
1.0306127
0.9985649
1.0551586
0.9938746
1.0352933
1.0299015
0.98438257
1.0079969
1.0568764
1.0397583
1.0435246
1.0108652
1.0346564
1.006176
1.0310738
1.0521852
1.0552013
1.0098351
1.0588315
0.99545085
1.0296974
1.0481633
1.007587
1.0514809
1.013904
1.0291499
1.0093389
1.021918
0.98998713
1.0161297
1.0453907
1.0345489
1.0151821
1.086597
0.9741662
0.9693902
1.007908
0.9564262
1.0309132
0.97022295
1.0066608
1.0547558
1.0323828
1.042319
0.9953498
1.0376096
1.0419245
1.0496526
1.0029831
1.0037978
1.0573552
1.0681099
0.9922627
1.0003135
1.0082637
0.997879
1.0376858
1.0280088
0.98937154
0.99108464
1.010387
1.0012821
1.0184407
1.0365329
1.009917
1.0304724
1.0078216
1.0079976
0.9881823
0.995095
1.0218302
0.99729013
1.0470263
1.0318476
1.0231408
1.0189801
1.0283561
1.0440365
1.0137087
1.0002406
1.0448796
1.0000045
1.0341905
1.0278883
1.0114168
1.0311853
1.0219522
1.0633276
1.0242584
1.0371844
1.0171989
1.0085901
1.0151469
1.0191922
1.020971
1.0146092
1.0660247
1.0241618
1.0303553
1.0120674
1.0167507
1.0033265
0.9877329
1.0062875
1.0045482
1.005491
0.9962436
1.0246159
1.0381478
1.0236042
1.0069914
1.0134673
1.0227215
0.9863927
1.0481873
1.0097615
1.0216994
1.0057365
1.0250144
1.0104502
0.99932635
1.0088234
1.0042633
1.0022933
0.99733627
1.0241419
0.99896026
1.0007124
1.0217822
1.0099363
1.0089542
1.0025785
1.0075793
1.0406363
1.0042517
1.0101668
1.0055393
0.9966133
1.0167859
0.9900475
0.99955106
1.0177444
0.9829372
0.9888117
1.002328
0.96892846
1.0192925
1.0398939
1.0219477
1.0406526
1.0058044
1.0147662
0.9964403
1.6154319e-06
0.9891443
1.0099345
0.9921214
1.0072446
0.9847017
0.9837927
0.99796534
1.0325924
1.0101464
1.0112222
0.99614805
0.99499744
1.0013521
1.0321943
1.0374519
1.0092567
0.99896026
0.028803688
0.9666761
1.0106562
1.002244
0.9954067
1.0112633
1.1204122
0.99597186
1.0088501
1.0574955
1.1089869
1.0159036
1.0276438
1.0371529
1.0220448
1.0205319
0.9949328
1.0080758
1.0697623
0.9955321
1.0955852
1.0382262
1.0388128
0.9967717
0.9998232
1.007811
1.0729785
1.0158596
0.99906605
1.0133377
1.0040812
0.98826927
1.0299135
1.0315418
1.0115856
1.0012208
1.024064
1.0097746
1.0282611
0.9980436
1.0659971
1.0346789
1.0136852
1.0362782
1.033341
1.0615504
1.0720204
1.028091
1.0217214
1.0299996
1.0353031
0.9975118
1.0066206
1.00453
1.0196482
1.0052979
1.0086273
1.0643979
1.0082977
1.1168675
1.0443821
1.0489463
0.99741656
1.0114096
1.0966256
1.0536801
1.039612
1.0018097
0.9961714
1.0693372
1.0683899
1.0815694
1.0267206
1.0293456
1.0023212
0.98921525
0.9966303
1.0179659
1.0295693
0.98850447
0.96280295
1.0192975
1.0141467
0.9817187
0.9961919
1.0084276
0.9968817
0.99794155
0.9854894
1.0261651
1.0123472
0.99855435
1.0172172
1.0101587
1.0063457
1.0592765
1.0071814
1.002061
1.0385976
1.0291977
1.0005221
1.0281705
1.0405762
1.0403228
0.99246186
1.0010052
0.99402577
1.0430791
1.0280005
1.0281844
1.0241219
1.0067816
1.0127281
1.0235091
1.0156375
1.0120895
1.0772946
1.0117732
1.0262527
1.0739231
1.022498
1.030557
0.9973057
0.9935345
0.9921292
0.99186456
1.0091171
0.9749261
0.9815383
0.9647152
0.97610456
1.0108659
1.0173054
0.9768969
0.9807269
0.96542716
0.9736764
1.0387993
1.0666819
1.0521426
1.0249971
1.0437258
1.047375
1.0367994
0.9949491
1.0907083
1.0330132
1.0703965
1.0533861
1.0857098
0.99193627
1.0601302
1.0545089
1.0447859
1.0513748
1.0139428
1.0489851
1.0193568
1.0404457
1.0439836
1.0266701
1.0827183
1.0655795
1.0993463
1.0458015
1.0116844
1.0660743
1.0140457
1.0527338
1.068616
1.0253758
1.0337423
1.0003313
1.0846009
1.0449914
1.0192057
1.028874
1.0497763
1.0810177
1.07166
1.047535
1.0619422
1.0157636
1.0342596
1.0345899
1.0291996
1.0611008
1.0198537
1.0426786
1.0045475
1.1038895
1.115976
1.0465821
1.0444498
1.0619413
1.0681353
1.0459093
1.0990785
1.0752746
1.061776
1.0363673
1.0334395
1.0174867
1.0859873
1.0695649
0.999646
0.98675406
1.0355105
0.9893068
1.0407856
1.0593181
1.003529
1.0427936
1.0385473
1.0090295
1.0542387
1.0349108
1.0181733
1.0511991
1.0611935
1.0584173
1.0340431
1.0074834
1.0608277
1.0814549
1.0573136
1.0450991
1.0647119
1.0089957
1.0567124
1.0914642
1.0518402
1.0565127
1.0743934
1.0628334
1.086588
1.0975598
1.0460685
1.0565021
1.0232524
1.0471002
1.1145535
1.0974107
1.0263399
1.0325354
1.0383393
1.0644456
1.0469056
1.0599151
1.0692446
1.0269277
1.022455
1.0491421
0.9849689
1.0327423
1.0121561
1.0235995
0.99328506
1.0057153
1.0004069
1.0671827
1.002402
1.0166109
1.0144869
1.0409696
1.0521133
1.0292945
1.0222362
1.0275298
0.0
1.0480002
0.0
0.99044025
0.98503125
1.0390558
1.0165132
1.0365833
1.049429
1.0119448
1.0067848
1.0295038
1.001489
1.0036479
1.0271477
1.0215911
1.0489241
0.97754455
0.98569024
1.00304
1.0135508
0.9871455
1.0418755
0.0
0.9995557
0.9841032
0.9871235
0.9894813
1.005532
1.0071337
0.98024064
1.0363544
1.02348
1.0278662
1.0087613
1.0018827
0.97055537
1.059748
1.0008193
1.0326204
1.0399538
1.0140277
1.0271056
1.004465
1.0447414
1.0455018
0.9934038
0.99505174
1.0252635
1.0508244
1.0271606
1.0479069
1.0059
0.9954346
0.9954885
1.0583141
1.0878448
1.0764557
0.98906094
1.0410024
0.98478156
0.99166864
0.98345023
0.96114236
0.98000234
0.99669313
0.9712555
0.949886
0.95288104
0.9868043
0.9899657
0.96914744
0.97773606
0.94803345
0.9752731
0.95147157
0.99946016
0.9931164
1.0063026
0.97716534
0.9830838
0.98825926
0.97836393
0.98340684
0.9930962
0.9956471
0.997004
0.9535312
0.97267747
0.9834352
0.98904514
0.9920115
0.9809744
0.9933435
0.99890715
0.98502785
0.9821011
1.0196218
0.9581524
0.9898499
0.9803796
1.0174909
0.9695578
0.9906952
1.0005711
0.9844227
0.9881279
0.9902296
0.97955215
0.99400467
0.96981084
0.9621541
0.95377165
0.98523486
0.95154405
0.94676685
0.95243174
0.96363366
0.96885425
0.9746024
0.98322165
0.9610974
0.95321023
0.96794456
1.075045
0.9838514
0.9987599
1.013056
0.9621597
1.0172853
1.0532333
0.98826003
1.0091903
0.99291897
1.0381005
1.0106431
1.0407226
0.98017806
0.9953643
0.94521344
1.0249819
1.0013697
1.0348326
1.0417242
0.97355866
1.0125387
1.015138
1.0448978
1.0052027
1.0127064
1.0006883
1.0660062
0.9787813
0.9950514
1.0220692
1.0286478
1.0691011
1.0502542
1.0429031
1.070088
1.0033437
1.042306
1.0664642
1.0154796
1.0628338
1.0563792
1.0338848
1.0201846
1.0106386
1.0718688
1.0043106
1.0266714
1.0643736
1.2367953
1.0333365
1.0211293
0.990315
1.052043
0.9983382
0.99183774
1.0307397
0.9908169
1.0159135
1.0772548
1.0296997
1.0282166
1.0745003
1.0670059
1.0026603
1.0293769
1.0462707
0.9988113
1.0081695
1.0252297
1.0159132
1.0128366
1.0510607
1.0420732
1.0425587
1.0205439
1.0503873
1.0148888
1.0113435
1.0147492
0.98494595
1.0559157
1.0348873
1.0552777
1.0856587
1.0421139
1.0524333
1.0553337
1.0163883
1.0890151
1.0420489
1.0253077
1.072413
1.0403895
1.0444866
1.0317011
1.0546789
1.0657139
1.0298525
1.1019737
1.0341449
1.031073
1.0153615
1.0866832
1.0826824
1.0564365
1.0294836
1.0258479
1.0721482
1.0132093
1.030774
1.068774
1.0640177
1.02968
1.018314
1.0618554
1.0093431
1.0339453
0.99127793
1.0016963
0.9993503
1.0281688
1.0482634
1.0406247
1.0082141
1.0346718
1.0017829
1.0102291
0.9980112
1.0043787
0.9971063
1.0000297
0.9779781
1.0015186
0.9950306
0.9961165
0.9961141
0.9940701
0.9909931
0.9971188
0.97837144
1.0037789
0.99218875
0.9926499
0.9859773
0.99247617
1.0102412
0.9920026
1.0045911
0.9914706
0.994592
1.0254588
0.97138536
1.0044092
0.9748755
0.9882391
0.9875558
0.9950618
1.0193701
0.9855392
0.99802506
1.0223793
0.9873188
1.0446264
0.9805775
0.99394906
0.9988611
1.0151516
0.9955598
0.9925491
0.98073435
1.0011677
0.99366874
1.0250875
0.97686887
1.0066581
0.9974452
1.0101091
1.0004787
0.99260575
0.99018997
0.99381506
0.98799074
0.998819
0.9845905
0.99837154
1.0029786
0.97944367
1.0150985
0.9907221
1.0217654
0.98330766
0.9625812
0.9896439
0.9665196
1.0028769
1.0166471
0.9937332
1.0020636
0.9783509
1.002732
1.0118499
0.9831431
0.991216
0.9684152
0.9761
0.9986882
1.0292809
1.004398
1.0117443
1.0207149
0.959897
0.9916383
0.99308807
1.0117389
1.017768
1.0470859
0.9987958
0.9643033
1.0124286
0.995399
0.9767867
1.0037498
1.0235118
0.9781694
0.9684192
0.9674341
0.9755457
0.99150807
1.0142317
0.97443104
0.9476934
0.9988407
0.9854768
1.0127922
0.9810608
0.9848191
0.993754
0.98231614
1.0245575
1.0110679
0.9990514
0.9919764
0.99202055
0.9720318
1.0046215
0.9769207
1.0070032
0.9786351
1.009277
1.0128157
0.9880726
1.0240872
0.9761941
0.98311704
0.99104327
0.9738562
0.95126677
0.9606961
0.9385993
0.9551963
0.9632706
0.9738794
0.9587469
0.9745467
0.971748
0.95900863
0.97060376
0.9652261
0.96812403
0.95183986
1.0251148
0.92358327
0.96763676
0.9562973
0.95608974
0.95217645
0.95865
0.9448869
0.9623698
0.9381584
0.94953114
0.97925407
0.93820846
0.9414951
0.9701486
0.94962555
0.97395873
0.94325936
0.96741635
0.96541935
0.9433392
0.9410915
0.946074
0.96260834
0.9310902
0.94113266
0.9507823
0.9535153
0.9545489
0.9404963
0.9650323
0.952354
0.95381004
0.9454592
0.9561457
0.9835151
0.9513579
0.9469816
0.93845576
0.94729793
0.96173614
0.94629145
0.95290166
0.95351946
0.9567446
0.94499624
0.9568932
0.96838284
0.9560011
0.97707653
0.9407807
0.9667821
0.94884294
0.9530931
0.95003974
0.9493462
0.9562189
0.95110565
0.9606772
0.9811361
0.9667224
0.9445418
0.9609928
0.95523715
0.9616185
1.0439885
0.9510485
0.9789802
0.97388184
1.0009185
0.9474104
0.9919608
0.97832066
0.96893567
0.97054654
0.96725863
0.94260466
0.973527
0.945019
0.9831314
0.9787165
0.9898661
0.9638884
0.971885
0.96120816
0.9557901
0.9615954
0.9841772
0.96106577
0.96157056
0.9716145
0.96569675
0.9442089
0.9670377
0.9917735
0.9637346
0.9487068
1.0703387
0.9799186
0.94826084
0.95391333
0.96845865
0.9416448
0.95595276
0.98623097
0.9618427
0.94994056
0.9551486
0.95113593
0.9745735
0.94895357
0.9391842
0.99681026
1.0040299
0.958433
0.9736321
1.0039371
0.95894223
0.95803463
0.95616317
0.9716651
0.95745975
0.9745808
0.9817058
0.9560045
0.9624699
0.9652284
1.0189352
0.9668656
0.9627434
0.9618932
0.97278476
0.9553986
0.9605313
0.9668299
0.9639568
0.9860033
0.99192953
0.9492027
0.9889009
0.9719297
0.9504714
0.9486906
0.956532
0.9671872
0.9700002
0.9583948
0.96542656
0.95759183
0.97966206
0.97016656
0.98253965
0.97649115
0.9708437
0.96471083
0.97586447
0.96264434
0.950209
0.99064994
0.97540617
0.9470609
0.9550833
0.9464701
0.9711355
0.9522007
0.97290325
0.953532
0.9607978
0.9553389
0.95418054
0.9855454
0.9815567
0.9524292
0.97113657
0.9530899
0.96419793
0.96906155
0.9595233
0.9582183
0.974798
0.9615818
0.9613512
0.9689351
0.95329416
0.94273597
0.94992083
0.9727664
0.9673405
0.9657264
0.98310405
0.94981265
0.9890505
0.9531785
0.9497545
0.9472473
0.9691046
0.95054466
0.9788571
0.9584347
0.9540222
0.9489148
0.9641167
0.9571378
0.9540203
0.9649506
0.95283985
0.94548017
0.9633084
0.96200204
0.95567936
0.9712404
0.9496324
0.9774877
0.9723834
0.95169866
0.9545383
0.9673357
0.95048696
0.9617223
0.95154077
0.9610391
0.94129544
0.96043444
0.9638967
0.9596996
0.9462157
0.9606816
0.9578347
0.9771163
0.9454146
0.96405005
0.95829594
0.94174397
0.955634
0.969397
0.9651932
0.96440333
0.9746431
0.97485745
0.9410668
0.963223
0.9727383
1.0101687
1.03064
0.98715776
1.0071468
1.0029463
0.9762125
0.9811923
0.97967666
1.0108929
0.988043
0.9776033
1.014814
1.0207648
0.98195183
1.0138649
0.9867912
0.99022293
1.006168
1.014626
1.0179226
1.0161616
1.005371
0.9927474
1.0173975
1.0026498
1.0172901
1.0188999
0.95780385
0.9952811
0.9911722
1.0061727
1.0257262
1.0422956
1.025945
0.99129707
0.9921304
0.9904011
1.002262
0.9942379
0.9996654
1.0132867
0.9873006
0.9784815
1.0118728
1.0139558
1.0219513
1.0095842
0.9801027
0.9860402
1.0553799
1.0118948
1.042153
1.0129876
1.010825
0.9933819
0.9894468
1.0265503
1.0042597
1.0159825
1.0080808
1.0245627
1.0218332
1.0222374
0.9864528
1.0268445
1.0435277
0.9929722
1.0455667
0.9988534
0.98419905
0.98534435
1.0096133
1.0319847
0.99278694
1.0338373
1.0265341
1.0320475
0.9964237
0.98560625
1.0040355
0.97622997
1.0173807
0.996583
0.98472834
1.0022272
1.0129528
1.0110692
1.0327876
1.0031562
1.0114847
1.0013869
1.0107063
1.0218933
0.9798269
1.0160413
0.99780923
1.0330251
0.96713144
1.0208753
0.9865208
1.0298523
1.0271504
0.9905511
1.0253146
0.99617606
1.0144118
1.0589924
1.0228777
1.038317
0.99148417
1.0224116
1.0053817
0.98997563
0.9999933
1.0453918
1.0209628
0.985442
1.0587459
0.98389006
1.0036952
0.9784764
1.0012174
0.99729496
0.99899817
1.0278968
0.9881672
1.0190471
0.99925995
1.0035661
1.0405859
0.9797109
0.9863743
1.0223871
0.99708956
0.9842551
1.0069869
1.0039129
1.0288932
1.0071124
0.9759974
0.9870914
0.9776208
0.9928439
1.0125463
1.0222278
0.97651994
0.9916332
0.96175873
0.9739664
0.9874355
1.0028433
1.0149415
0.9768375
0.96080124
0.9752731
1.0038183
0.99057394
1.0017546
0.93715435
0.96906275
0.97312206
0.9855692
0.9895202
0.99553674
0.9440255
1.0808855
1.0138155
1.0095557
0.99238575
0.9876569
0.97099155
0.9437831
0.9679271
0.98173654
0.9582083
0.98751915
0.99467796
1.0054138
0.9768248
0.95615625
0.97970045
0.98384243
0.99828637
1.0090972
0.95266026
0.97720134
0.9682083
0.98637384
0.97706234
0.98096615
0.99409276
1.0037018
1.0424075
1.0056204
1.0213891
1.0237833
1.0210847
1.0201032
0.97478837
0.9728081
1.0238593
1.016882
0.96853685
0.97706133
0.99526465
0.94705814
0.9907798
0.9959433
1.0183954
0.99332035
1.0302808
1.0066925
1.0381002
1.0320369
1.0310553
1.0014755
1.0073959
1.0405194
0.97568274
1.0270697
1.0153055
1.0277616
1.0181209
1.0487717
1.0324694
1.0183578
1.0064272
1.006065
1.015704
1.0075436
1.0305182
1.0564374
1.0562288
1.0670025
1.0527953
1.0105932
1.0679185
1.0039572
1.0144258
1.1128713
1.0818945
1.0187691
1.0419446
0.9724963
0.9917755
1.0006692
0.99526495
0.9550916
0.9934572
0.9866959
1.023565
1.0732464
0.9797444
0.9796244
1.0431114
1.0291574
1.0301437
1.0575968
1.0211898
1.0175966
1.0114856
1.0738095
1.0040631
1.0664047
1.0039756
1.0377295
1.0381534
1.0502118
1.0090065
1.0243766
1.0243614
0.9967322
1.0579637
0.9868402
1.0101886
0.9909679
1.0346967
0.98633647
1.0236468
1.0484954
1.0154448
1.0448966
1.052167
1.0350909
1.0376183
1.0034962
1.0922781
1.039271
1.0628709
1.0357296
1.0114251
1.0367994
1.0255747
1.0253992
1.0107952
1.0146918
1.0264857
1.0524791
1.017461
1.0390707
1.0303555
1.0119531
1.0062737
1.0510646
1.0203642
1.0350221
1.0206975
1.0172725
1.0519121
1.0659187
1.0373371
1.0319834
1.0231265
0.9579451
1.0563481
1.0163056
1.0244823
1.0468342
1.0306166
1.013787
0.99950266
0.9877609
1.0202888
0.97736967
1.0105411
0.99173987
0.97330475
0.9932704
0.9915337
1.0195992
1.0003821
1.0300415
0.9938472
1.0110303
0.99915755
1.0047385
1.0079247
1.0189408
1.0172309
0.99361026
1.0067803
1.0073099
1.0274771
1.0065355
1.0062064
1.0493058
1.0079652
1.0344098
1.0451066
1.0125254
1.0106328
1.0397178
1.0136541
1.0198811
1.0106362
1.0211765
1.052384
0.9889844
1.0418261
1.0108945
1.0228223
1.005251
1.012947
1.026
1.0077554
1.0596596
0.9956832
1.0220225
0.99431336
1.0110044
0.99573326
0.96628547
1.0065345
0.9749105
0.97344404
1.0091517
0.9741893
1.0137422
0.9911227
0.97455776
0.99351215
0.9910305
0.9954757
0.99229693
1.0072901
1.0475515
0.9965447
1.0092252
1.0084481
0.99669254
0.9865781
1.0028498
1.0234274
0.9924465
0.9980496
1.0366304
1.0735934
0.9929307
0.98336285
0.99112487
1.0614029
0.9937075
1.0005859
0.96529365
1.0042716
0.95043254
0.9789823
1.0163908
0.97362906
1.0193648
1.0087582
1.0288557
1.0711215
0.9909338
1.0087183
0.99625564
1.0266008
0.990739
0.99705005
1.0093544
1.0128473
1.0055307
1.0033803
1.0080649
1.0132052
0.984832
1.0216693
1.1198506
0.99646074
0.97267264
1.0241761
0.9911662
0.9908419
1.0427226
0.97278523
1.005122
1.0467529
1.0232793
0.9926523
1.0146389
0.98805386
1.0043329
1.0071788
1.033271
1.0120443
0.99357325
1.0534723
0.9860744
0.97291225
0.973206
0.97480196
0.99345833
0.94606584
0.9562583
0.95405287
0.94444853
0.96281916
0.94826233
0.95458835
0.963101
0.9569924
0.97071934
0.945038
0.973447
1.002455
0.98854744
0.97911376
0.97292525
0.9666137
1.0278577
0.98157805
0.98046774
1.013157
0.9859686
0.9679958
0.9808227
1.0011545
0.97574544
0.97969705
0.985859
0.9931141
0.97850865
0.9692754
0.9942888
1.0289265
0.9507661
0.99915767
1.0040593
1.000463
0.9869894
0.9760229
0.9964071
0.9829127
0.9853853
0.9775525
0.99849135
0.99351996
0.9507817
0.99163216
0.95639
0.9862697
0.97357816
0.96909946
0.9516274
0.9660575
0.9622195
0.96120024
0.98386925
0.9605193
0.9737023
0.97067326
1.0136958
1.0545963
0.9953016
1.0313128
0.9986282
1.0205455
1.031705
1.0058038
0.9814537
0.9751652
1.0204575
1.0547808
1.0030514
1.0253035
1.0215592
0.99362516
1.0081897
1.0587792
1.0285681
0.9697204
0.9383574
1.0332462
0.98114735
0.9767864
1.0045912
1.0366569
0.9667899
1.0107279
0.9791373
0.9989242
0.9768663
0.99507135
1.0008038
1.036626
1.0472103
0.98258513
1.0402619
0.9903928
1.036597
0.9684811
1.0152763
1.0268703
1.007563
0.9894011
0.970854
0.99710804
0.96961707
1.0439819
1.0181037
1.0056244
1.0324461
0.9902575
0.98575807
1.0332655
0.9539312
0.9785216
0.98081845
0.98776996
0.99764526
1.0004542
1.0083208
1.0513059
1.038034
1.0305039
1.0313836
0.9782186
1.018575
0.97094923
1.0155295
1.0079768
0.9899102
1.0260078
1.016492
1.0156102
1.0482695
0.999155
1.0279018
0.9931544
1.0318853
0.9811065
1.0314603
1.0232048
1.02801
1.0105268
1.0332843
1.0262821
1.0564495
1.0265877
1.0210145
0.99518704
1.0596156
0.9839624
1.0129629
1.0148746
1.0530251
1.0353806
1.0146749
1.0173762
1.0095251
1.0229195
1.0237056
1.0123069
1.0105577
1.0511316
1.0044119
0.9955688
1.0128763
0.9829671
0.997306
1.0192786
1.0197953
1.0000368
0.99580306
1.0086539
0.9880864
1.0073373
1.0091484
1.0417042
0.9849078
1.0118823
1.0020713
0.97843474
1.0190506
0.99274415
1.0176663
1.0112144
0.99580395
1.0041493
0.92674345
0.9607109
0.96690947
0.918951
0.9329496
0.92899615
0.922277
0.9116896
0.9877942
0.91333246
0.9104523
0.9488189
0.93865776
0.9267546
0.92280465
0.9176472
0.9081799
0.9338175
0.9283695
0.9314381
0.8649529
0.9200045
0.9224211
0.924505
0.9425572
0.93675065
0.9275232
0.9438231
0.97115076
0.93486875
0.91896427
0.9675049
0.9682595
0.9663528
0.9367079
0.92365783
0.95702326
0.9714267
0.8988947
0.9419117
0.9450241
0.9325558
0.9333984
0.93842125
0.9630765
0.93104374
0.9616124
0.9727943
0.95176893
0.9512253
0.9392145
0.95913386
0.92142665
0.9715209
0.9658534
0.9459494
0.9489953
0.96733356
0.96947885
0.94861984
0.94156414
0.95892775
0.95539826
0.9330869
0.93727505
0.978015
0.9695183
0.945674
0.96952045
0.994887
0.97725254
0.9265736
0.9713606
0.9516871
0.9552028
0.9745997
0.95097536
0.961196
0.99437064
0.9518934
0.97176003
0.9631015
0.9524412
0.91298574
0.9583972
0.95768565
0.9561169
0.9614713
0.93590873
0.9538883
0.9414306
0.935106
0.958835
0.9730761
0.96450716
0.9686589
0.9610638
0.94409347
0.9603998
0.9487676
0.97366875
0.93537503
0.94395596
0.9239169
0.9470015
0.96487796
0.9408629
0.95394677
0.918573
0.9516734
0.9232143
1.0031476
0.9487614
0.9431079
0.9240682
0.9518901
0.915219
0.933283
0.9117126
0.9663899
0.9371067
0.96844506
0.9750996
0.9487991
0.9679604
0.9253347
0.9156547
0.92025757
0.9642736
0.9444835
0.96937156
0.9821064
1.0279056
1.0081546
1.021133
1.0195818
0.9917622
0.99214214
0.94981563
0.98657703
0.9360347
0.9569996
0.92741925
0.9828526
0.9920053
1.007391
1.0107503
1.0397007
0.97853225
1.0004777
1.0090674
1.0082527
1.033906
0.98182
0.98277354
1.0550851
0.99234426
1.0255508
1.0019822
1.055493
1.0214555
1.0261533
1.0526187
1.005947
0.9994387
1.0227735
1.0012032
1.0472655
1.0319184
1.0352075
1.0865749
1.0322473
1.0171397
1.0586394
1.0002192
0.9695748
1.0943065
1.1136093
1.0042851
1.1064796
1.074182
1.0404565
1.0222236
1.1123372
1.054984
1.0407429
1.029743
1.0364909
1.0313429
1.0485395
0.9848736
1.0922167
1.0221784
1.0200132
1.053413
0.9957797
0.9901602
1.0517384
0.996328
0.9990663
1.0436666
1.0152503
1.0453523
1.0465449
1.0159026
0.9955031
1.0315838
0.988509
1.0194849
1.0195564
1.0183259
1.0571425
1.047856
1.0146395
0.9988969
0.9900861
1.0105269
1.0655266
1.0727144
1.053502
0.9976162
1.0562631
1.0517449
1.0258588
1.0271631
1.030776
1.0394807
1.0351715
1.05012
1.0930378
1.0529757
1.0378242
1.0598813
1.0960582
1.1576407
1.0410259
1.1659904
1.1127222
1.3855464
1.0379646
1.4779668
1.0063243
0.9824883
0.9803546
0.96282643
1.0022631
0.9957512
0.9807594
0.93463844
1.0185621
1.0334395
1.0363833
0.98388296
1.0320228
0.9760429
0.96340847
1.0384977
1.0395836
1.0499457
1.0103781
1.0363212
1.0266899
1.015854
1.0169072
1.0715196
1.0414026
1.0390115
0.9948439
1.0274012
1.052674
0.9763986
1.0796802
1.0438728
1.040336
1.0441432
1.0291684
1.0380855
1.0456233
0.99998474
1.0210049
1.0240016
1.046194
1.0416723
0.98772186
1.0330294
1.0423841
1.0239887
1.0460396
1.0366209
1.0262468
1.0373592
1.0272045
1.0432575
1.0338894
1.0152055
1.0117303
1.0358444
1.0593458
1.0501038
1.0750337
0.99211895
1.0600637
1.0387594
1.0051914
0.9838959
1.0325768
1.0927564
1.0331857
1.0259799
0.9818663
1.0080549
0.997874
1.0036532
1.0287614
1.040239
1.0067319
0.9903774
1.027532
1.0769901
0.9939782
0.996426
0.99818283
0.98180175
1.0615616
0.9983543
1.0488431
1.0281079
1.006861
1.0372882
1.0288049
1.020129
1.0055918
1.0148822
1.0264192
1.0058869
1.0370024
1.0411631
0.97140133
1.0167345
1.0265443
1.028372
1.043106
1.0024233
1.0022771
1.056378
1.0062641
0.9962509
1.0307605
1.0447525
0.9798586
1.0493664
1.0239491
1.0628859
1.0308397
1.0341352
1.0062344
1.0618651
1.0650487
1.0154321
1.0193237
1.0044324
1.0526528
1.0222052
1.0039357
1.0063113
1.0382422
1.0338867
1.0362891
0.9935137
1.0300608
1.0305561
1.0327284
1.0325596
1.0412966
1.0312171
1.0181689
1.0173135
1.0302113
1.0679455
1.0220332
0.99342096
1.039542
1.0129113
1.0313935
0.97939754
0.99146515
0.98202044
0.9801438
1.0075094
0.96632946
0.98714715
0.9736371
0.9933395
0.9791379
0.96391386
0.97455037
0.9834146
0.9791597
0.9540022
0.96679217
0.9595152
1.0011946
0.9908285
1.0002077
0.97371125
0.988338
0.9771133
0.9765472
1.0064692
1.0149975
1.0330384
0.99160546
0.96673447
1.0005136
0.9946737
0.99650145
0.97944504
0.97117466
0.98988414
0.97258705
0.9859202
0.9841736
0.9776767
1.0093321
0.9857781
1.0128007
1.0003103
0.9138287
0.9845621
0.9684767
1.0057456
0.9729177
0.96451086
1.006176
1.0347517
0.9712331
1.0240858
0.9717926
0.987538
0.939888
0.9871371
0.99821705
0.9896364
1.0106803
0.96326214
0.9943806
0.9666002
0.9650282
0.9934487
0.97468907
0.9934236
0.989854
1.0341791
0.9904382
1.0159738
0.99425787
0.9977123
0.97635925
0.9673605
0.9848768
1.0107851
0.97554076
1.0049214
0.983563
0.9955922
0.96233135
0.97613895
0.9847143
1.0039436
0.99163395
0.98932636
1.0085958
0.9667946
0.9926727
1.0145215
1.0114133
1.0372034
1.007249
0.99555147
1.0176721
1.0102918
0.9986558
0.9948865
0.993232
0.9955614
0.98337054
1.0045811
0.9955744
1.0163287
1.0129795
1.0214645
1.000953
1.0009538
0.99279314
0.9923369
0.98664767
1.013057
0.9849677
1.0044382
1.0376987
0.9984451
0.97783476
0.97247547
0.98726094
0.9846204
0.97907746
1.0122612
1.0157225
1.006866
1.0206028
0.98056364
1.0035006
1.0168898
0.9857864
0.97154397
0.97768736
1.0326695
0.9959256
1.0158534
0.98569757
1.0091234
1.0498424
0.96386456
0.9895133
0.9933524
0.982472
1.0077693
0.9966041
0.97529525
0.9899892
0.9882073
1.005756
0.96285254
0.99903136
0.9816077
0.97789127
0.9910097
0.9851824
1.032967
1.0313609
0.9912563
0.9784007
0.9810304
0.99030024
0.9934786
0.9895904
0.9961524
0.9918751
0.98979175
0.9708187
0.98858577
0.98331314
0.9915137
0.9747403
0.9765905
0.9862825
0.97723764
1.0031464
1.0040971
0.96855557
0.9868906
0.9801816
0.98392636
1.0119438
0.99084556
0.98130804
0.9973132
0.99153054
0.9944
1.0350773
0.98367
0.99363935
1.0321518
0.9799231
0.9996491
0.9893863
0.9854218
1.0051916
0.99749166
0.9833544
1.0216643
0.97749853
0.98653674
1.0177488
0.98545355
0.99259114
0.99151117
0.9900334
1.0096205
0.96168566
0.98774827
0.96918994
1.0073923
1.0116405
0.9844679
1.0014938
1.0183355
0.9904989
1.0122902
1.0179002
1.0087236
1.0033841
1.0210909
0.9808425
1.0133011
1.0192294
0.99460304
0.994585
1.0093821
1.0038451
1.0281059
1.0082557
1.0163605
1.0281609
0.9703908
1.02795
1.0096201
1.0600201
1.0474439
0.99756306
1.0158981
1.0051042
1.0215352
1.0140356
1.0127821
1.0116196
0.9836182
0.9886047
0.9814581
1.0002261
0.9797489
0.97886133
0.95681095
1.0019251
1.0000978
1.0121213
1.0063319
1.0010793
0.98227257
0.9827344
1.0019106
1.0396124
1.0307165
1.0151142
1.0432012
1.0019047
0.9946276
1.0270152
1.0205064
0.99680376
1.0514492
1.009296
1.0035728
0.987837
0.9902002
0.99347645
0.9893955
1.0331908
0.97959757
1.0028849
0.9776907
1.0038699
0.99172306
1.0031544
1.0173966
0.965421
0.99790525
1.0010034
0.9890844
0.96697
0.96769917
1.0042114
0.9915324
0.98130924
0.9954557
0.9963519
0.9714214
0.98367184
1.008236
0.98527193
0.9842483
0.98309517
0.9636732
1.0122586
0.97341853
1.0091118
0.9755766
0.9860355
0.9883179
0.9779385
0.96162903
1.0071766
0.9705542
0.9988425
0.9958133
0.950463
0.96435606
0.98401487
0.9971867
0.9730074
0.9745334
0.9850914
0.96730715
0.96952176
1.0517994
0.9890564
1.0055767
0.9647836
0.99364555
0.95911914
0.97724885
0.95708203
0.9821339
0.0
0.97651196
0.99155736
1.001508
0.97223073
0.9746173
0.96985096
0.9958359
1.0097467
1.0146822
1.028369
0.991525
1.0106097
1.0352
1.0027866
0.97752506
0.9869948
1.0082912
0.9636525
1.0492194
1.0112302
1.0076009
0.9773709
0.9830644
1.0383258
1.032891
0.0
1.0937301
1.0370684
0.96899515
1.0280657
1.0476918
1.0036802
1.0255356
0.9762891
1.0381402
1.0207673
1.0019369
1.0176625
1.0302584
0.9833739
1.0042608
0.97361946
0.9856441
1.0061836
0.98455864
0.9783086
0.96516526
0.97814447
0.981439
1.0078483
0.9655684
1.0021684
0.9701904
0.977625
0.9827695
0.99310565
1.0167427
0.9544247
1.0228485
1.0351675
1.0263908
0.98940957
0.9882544
1.0067796
0.9887589
1.0509261
1.0039667
1.0804794
1.0514358
0.97069824
0.96900576
1.0219126
0.99628425
0.9616694
0.96108186
0.989571
0.9734244
1.0049602
1.0311291
1.0209343
1.0112984
1.0019232
1.0323805
1.0204328
1.0134454
1.0083146
1.0142771
1.0212938
1.024831
1.0110128
1.002925
1.0059409
1.0346226
1.0413884
1.0400715
1.0450677
1.0674345
0.9936926
1.0010339
1.0463713
1.0151026
1.0219756
1.0261298
1.0467005
1.0545182
1.0237739
1.0285833
1.066134
1.070492
1.0539417
1.0162656
1.0479356
1.0220385
1.014156
1.0567056
1.0229037
1.0202755
1.0418161
1.0207317
1.0014718
1.0073605
1.0455362
1.0133108
1.0019832
1.0294243
0.9731186
0.9693284
1.0024194
1.0184215
1.0079749
1.0409248
1.0456425
1.0181988
0.99478966
1.0474384
1.0164595
1.032921
1.0305142
1.0265592
1.0685247
1.0701464
1.0497267
1.0241629
1.0437403
1.0462471
0.98810613
1.0651433
1.0096526
1.0629537
1.021196
1.0078044
1.0328271
1.0373398
0.98911387
1.0140624
1.0160935
0.9930713
1.0494381
1.008964
1.0033631
1.0291886
1.022567
0.98954004
1.032738
1.0587968
1.0099363
1.0142746
1.0145278
0.972342
0.9943109
0.98953325
1.0126313
0.97071904
1.0023228
0.94669324
0.99602085
1.0001328
1.0314991
0.98949516
0.9998205
1.0021327
0.9849309
0.93420035
0.93728507
0.94023484
0.91074336
0.9487302
0.944266
0.9592209
0.90480334
0.94496304
0.93130875
0.9512462
0.9785639
0.93979985
0.9218084
0.9496681
0.94872767
0.9059423
0.9508784
0.9483489
0.9468877
0.94058764
0.9307074
0.949204
0.9172627
0.9078291
0.91935384
0.91855085
0.9318726
0.93670887
0.9326899
0.9309119
0.91819054
0.93473136
0.92409146
0.9310384
0.8980455
0.95261514
0.9525599
0.9312282
0.9219579
0.93420714
0.95184076
0.9010388
0.92051464
0.9260557
0.9526431
0.9774586
0.9280088
0.94606423
0.94283515
0.9178538
0.924216
0.9310745
0.9584053
0.95930636
0.9365373
0.9286052
0.95832384
0.94197714
0.9336397
0.9441472
0.9375168
0.92639667
0.9356445
0.9705225
0.97275734
0.9586805
0.95514256
0.9630655
0.9433828
0.93877035
0.9448179
0.9567507
0.94434905
0.9391485
0.950001
0.9774149
0.9275481
0.9830379
0.9476224
0.9526592
0.9789902
0.9665269
0.97105336
0.9595692
0.9550151
0.9782684
1.0103449
0.9671102
0.96305066
0.9551745
0.93608063
0.96971196
0.97449857
0.96836674
0.9575757
0.9915881
0.9667946
0.9685614
0.95686096
0.9784631
0.9496809
0.951963
0.958147
0.957006
0.95375943
0.9786559
0.9405946
0.9528877
0.95715654
0.9612507
0.93289757
0.93705356
0.9399069
0.93092275
0.93958735
0.93213224
0.94390625
0.9370466
0.939079
0.950729
0.9410871
0.9227044
0.9399256
0.9537638
0.9539966
0.93978906
0.94673353
0.91116375
0.93788236
0.9406255
0.934544
0.9409343
0.9359822
0.93599313
0.925256
0.94507945
0.9324378
0.9452386
0.93596715
0.9155378
0.9291092
0.93755484
0.9418855
0.9461968
0.9384511
0.93306637
0.9224007
0.91679597
0.9381004
0.9441102
0.9320517
0.9315604
0.92542493
0.94304293
0.93904704
0.9395042
0.94204104
0.9372516
0.94528097
0.92386734
0.9361521
0.92970335
0.91978914
0.91726583
0.91537774
0.9348858
0.92821217
0.9430452
0.9416496
0.9384481
0.9237995
0.89397573
0.92616785
0.9302073
0.9219076
0.92243266
0.9407162
0.931072
0.9317714
0.90663624
0.9403992
0.93869126
0.90651006
0.9106633
0.91905934
0.9317329
0.94047344
0.900788
0.9111747
0.93735695
0.90004665
0.9027344
0.93552214
0.93164665
0.92448854
0.94447094
0.9456336
0.95405406
0.9287582
0.92345816
0.9583409
0.9377902
0.9569582
0.9362683
0.9668085
0.92510366
0.9348129
0.9541573
0.98245543
0.9746652
0.9485085
0.96476436
0.961391
0.94437796
0.94145924
0.96007663
0.9528631
0.96770793
0.93737805
0.9531817
0.9445111
0.96409166
0.9403655
0.96066636
0.9625253
0.9435569
0.9676956
0.9553734
0.96187645
0.9329473
0.9654329
0.95234674
0.9724475
0.9552022
0.95571613
0.9392
0.9643265
0.96231383
0.96333313
0.9580132
0.94214195
0.93299854
0.9463451
0.94015115
0.95309085
0.9621325
0.9492328
0.9747577
0.9582955
0.968485
0.95128846
0.96577257
0.9363426
0.94879514
0.97833
1.0369693
1.0572889
1.0417612
1.0286766
1.0431403
1.0625905
1.0202471
1.027798
1.0237552
1.0258969
1.0200348
1.0142552
1.022244
1.039243
1.0427216
1.035854
1.0248935
1.0572594
1.0270203
1.0576557
1.003204
1.0198401
0.99646527
1.0069674
1.0102226
1.0099494
1.0067044
1.0096765
0.9990033
1.0492221
1.0004605
1.0494438
1.0452061
1.0435903
1.0607356
0.99075663
0.95079756
0.9984992
1.0440588
1.0502263
1.0315827
1.0251278
1.0142214
1.0064563
1.0145518
1.0200891
0.98450994
1.0635908
1.0474513
1.0368719
1.0566342
1.0209419
1.035356
1.0129025
1.0218238
0.99640214
0.99989283
1.0083877
1.0331901
1.0264944
1.0073806
1.0612116
1.0461949
1.0066698
1.0119417
1.0090466
1.0066468
1.0099665
1.0153081
1.02827
1.0115281
0.9983742
1.0248638
1.0166497
0.9994681
1.0201061
0.998041
1.0106694
1.0432757
1.0268357
0.9978689
1.043062
0.990619
0.98797387
1.031732
1.030292
1.0304168
0.9879366
1.0165613
1.0018085
1.0161784
1.0486008
0.9855955
0.9948174
1.0000669
1.0247021
1.0300766
1.0067472
1.0219394
1.0349725
0.9862275
1.0260099
0.9928487
1.0027579
1.0186656
1.021772
1.0089804
1.0115091
1.0076517
1.0064987
0.9835843
1.033926
1.0090251
1.0058279
0.99581707
1.0717362
1.0341868
1.0129981
1.0313557
1.0693287
1.0769813
1.0443686
1.056385
1.0126386
1.062114
1.0341532
0.9936017
1.0227913
0.9581711
0.99113935
0.96202934
0.95451844
0.97650594
0.97656053
0.9858854
0.96665895
0.97278404
0.97387683
0.9982197
0.96335137
0.9594667
0.9891084
0.9853273
0.98320955
0.9749054
0.96487164
0.96751213
0.962226
0.9618751
0.95851254
0.966761
0.96206725
0.96500534
0.95653373
0.99021125
0.9701997
0.99069095
0.9636086
0.9576461
0.96007335
0.9505474
0.9542712
0.99072903
0.9555426
1.0106624
0.9561779
0.9741163
0.9856084
0.9793724
0.9827469
0.97722316
0.945425
0.9754878
0.97652704
0.9656303
0.9550284
1.0243825
1.0085547
0.9656905
0.9889294
0.9646897
0.9716404
0.98447406
0.9619428
0.977536
0.9765799
0.9765775
0.9722175
0.98068213
0.9908784
0.9925844
1.0192827
0.9586938
0.95328176
0.94995886
0.95627606
0.9683818
0.9332599
0.96257216
0.9459759
0.9523893
0.9600228
0.96523124
0.95443714
0.95686924
0.9406225
0.97034246
0.953924
1.0098186
0.9526245
0.96763784
0.9996437
0.97020286
0.95715535
0.95563924
0.9411676
0.95134085
0.9644957
0.9555196
0.95213866
0.9169406
0.95228183
0.94756037
0.9651931
0.96008706
0.95158565
0.9504227
0.9655247
0.9434101
0.9340203
0.9470878
0.94496566
0.94472617
0.96278995
0.9495685
0.9548227
0.92204064
0.94255537
0.9614679
0.9760372
0.96146035
0.9457891
0.9365146
0.94901323
0.95475274
0.95583546
0.95622844
0.94868153
0.93593645
0.9743869
0.93874454
0.9456741
0.9727317
0.9587202
0.95185244
0.94865096
1.0052816
1.0138311
1.0123283
1.0418725
1.0216924
1.0395983
1.0623848
1.0024856
1.0591704
1.0192417
1.0590837
1.063157
1.0260965
1.0425284
1.0051134
0.9913419
1.0123284
1.0576407
1.0018005
1.0455307
1.002537
1.0282503
0.9667164
1.0229297
0.99419427
1.0341276
1.0594918
1.0110348
1.005685
1.0179186
0.9734196
0.98937535
1.0439994
1.0481974
0.9959202
1.0018942
1.0486294
1.0524063
1.0439297
0.98688525
1.0451846
1.0327628
1.0579983
1.0160872
1.0448893
1.0057054
0.14357513
1.034202
1.0354518
1.2286558
1.0511174
1.0271002
1.0472898
1.0543606
1.0520096
1.0690875
1.0082376
1.0839629
1.0137335
1.0268039
1.0339148
1.0515567
1.0567912
1.0222782
1.0789955
1.0065236
1.016645
1.0182656
0.9930911
1.0041994
1.0055807
0.9918793
1.0264976
0.9962647
0.98512745
1.0058788
1.0149328
0.98616964
1.0058264
0.99209064
1.0063711
0.9947249
1.1178606
1.0881519
1.0233171
0.9868305
1.0294548
1.0242233
1.0170658
1.0188875
0.9824289
1.0100209
1.0329964
1.0096676
0.9959208
1.0109926
1.0025522
1.0049065
1.0078905
1.0058746
1.0095987
0.99209076
1.0062945
1.0029242
0.99012035
1.0087079
1.006152
0.9776898
1.0035444
1.0010799
0.97452223
1.0181243
0.9816553
1.0033376
1.0164683
1.0275718
0.9983473
1.0173934
1.0220972
1.0086092
0.99885756
0.999101
1.023248
0.983694
1.008925
0.9945211
0.99116766
0.99642533
1.0017352
0.99529123
0.9826923
0.9909482
0.99672484
1.0197065
1.0260909
1.0069302
1.0065691
0.97285396
1.010962
0.98726606
0.99113256
0.9960394
0.9810179
1.0056955
1.0097191
1.0318575
0.98153335
0.9996843
0.97136444
0.97872704
0.9952285
0.9748184
1.0159198
0.99183834
1.0055932
0.9980888
0.98402977
1.0338463
0.97033083
0.98088646
0.9947539
1.0396268
1.0171416
0.97458476
0.9823669
0.9994811
0.9869529
0.9805879
0.98664856
1.0367028
0.98115295
0.9478092
0.9861155
0.9958788
0.978576
1.011952
0.99364597
0.98092115
0.9856238
1.0085784
0.9794693
0.99415183
0.9848713
0.96581304
0.98889124
0.97448766
0.9627188
1.0130439
0.9958868
1.0137227
1.01289
1.0259963
0.9606079
1.0192146
0.9694639
1.0243565
0.9819968
0.96364754
0.9765132
0.9454514
0.9601669
0.9820222
0.9543671
0.9577846
0.9884349
0.96847826
0.9689749
1.0205933
0.9705997
0.9680252
0.96987176
1.0060762
0.9776533
0.9804051
0.9800541
1.0073287
0.9892176
0.99195397
0.97847897
0.9515137
0.98683786
0.979694
0.9881702
0.99238515
0.9938404
0.97400993
0.98643154
0.9722123
0.99122405
1.0235075
0.9782457
0.9807574
0.97814703
0.976656
0.98203856
0.970594
0.96940064
0.9801219
0.9885353
0.98169667
0.9956678
0.97839487
0.9659426
0.98255414
0.96598524
0.9937746
0.9758279
0.96413976
0.96953356
0.96618843
0.9619856
0.9813739
0.9670109
0.9700182
0.9772702
0.9612605
0.9953293
0.9924219
0.9815315
0.96226656
0.9983825
0.9747614
0.96539384
0.97975403
0.96795666
0.9898224
0.9710769
0.99032605
1.0039989
0.98228663
0.9894139
0.9940217
0.95209825
0.99800533
0.96714395
0.9744973
0.99065524
0.96355426
1.0088007
0.9574408
0.98096454
0.97113895
0.97261506
0.0
0.97047806
0.96520185
0.9720011
0.99040145
0.971375
1.0128018
0.97057503
0.96129394
0.94594437
1.0040697
0.98972595
0.9616694
0.9746256
1.018048
0.9882057
0.9782497
0.9865294
0.98258084
0.98852414
0.95491207
0.99709916
0.97282654
0.996335
1.0142064
1.0242287
0.9930995
0.96834534
0.9762758
0.9810527
0.9810602
0.97340244
0.99999535
0.9950921
0.9867832
0.976696
0.9924451
0.9584079
0.9819671
0.9825321
0.988002
0.9865775
0.96212924
0.9774172
0.9714422
0.9626091
0.9942558
0.9892461
0.9745022
0.9956243
0.97500587
0.98275536
0.9984097
0.9785685
0.96904
0.9800242
0.99029005
0.9884459
0.97276866
0.99863577
1.0012087
0.9868193
1.0005062
0.9925702
0.9930446
0.9799268
0.9662401
0.9762737
0.9822839
1.0063545
0.9793873
0.9921838
0.97974163
0.9966142
0.99551547
0.9830428
0.9854016
0.9960987
0.9921447
0.99525565
0.9924903
1.0078747
0.98878187
0.9836913
0.97341734
0.97828346
0.96923757
0.98514706
0.9675105
0.9912519
0.98508435
0.9775287
0.9693064
0.96245116
0.96414113
0.99003685
0.99302053
0.97281307
0.98204565
0.9577354
0.99052286
1.0279254
1.0877055
1.0645545
1.0432278
1.034569
1.0178902
1.0264897
1.0457691
1.0820976
1.0525916
1.0631144
1.055228
1.0805993
1.0457349
1.043402
1.0478874
1.0161679
1.0480604
1.0239393
1.037913
0.97654647
1.015853
1.0154825
1.0196961
1.0360913
1.0233827
1.0118476
1.0379388
1.0101945
1.0341853
1.0516982
1.0465156
1.042855
1.0490676
1.0716203
1.0115585
0.992833
1.0444444
1.0508978
1.0528257
1.0547941
1.0750021
1.0853977
1.0220851
1.0308858
1.0696969
1.0030586
1.0206342
1.0594397
1.0169854
1.0356377
1.0665773
1.0757805
1.048244
1.090697
1.069364
1.000974
1.0227916
1.0289853
1.0696946
1.0613614
1.0423249
1.007879
1.0404803
1.0110904
1.035164
1.0134562
1.007221
1.0320753
1.0001075
0.9853063
0.9879503
1.0087943
1.0554916
1.004189
1.0598104
1.0234632
1.0150516
1.0217395
0.99866706
0.9904011
1.0186375
1.0108628
1.0373135
1.0429842
1.0414902
1.0632122
1.0413778
1.0401751
1.057685
1.0540304
1.0244768
1.0396261
1.045429
1.0314507
1.0619755
1.0333695
1.0556701
1.073133
1.0503603
1.024537
1.0545121
1.0059325
1.0332377
1.0179089
1.0201751
1.0377536
1.0209233
1.0504922
1.0202817
1.0495015
1.0372493
1.0702008
1.0067627
1.0422313
1.0488809
1.0571104
1.0148314
1.1260595
1.0664048
1.0438222
1.0522481
1.0266361
1.020732
1.0252978
1.0723921
1.0270461
1.0051937
0.98519135
1.0141579
0.9569152
1.0249633
0.962203
0.96141106
0.95136166
0.99916506
0.9671706
0.9653229
0.96027726
0.9613286
0.9379591
0.98634404
0.9652331
0.96703845
0.974811
0.9814447
0.93996507
0.9668661
0.9687512
0.98209524
0.960443
0.9458161
0.96788865
0.9445137
0.9555861
0.99662894
0.9541991
0.9556575
0.9476057
0.94619864
0.9670205
0.9468279
0.95920914
0.9285695
0.9271074
0.92061776
0.9602038
0.9369511
0.95081687
0.9426147
0.9303141
0.93516445
0.94369525
0.9815926
0.937495
0.9400408
0.9647899
0.9623877
0.9565956
0.9544665
0.9293347
0.9521394
0.94802004
0.9666498
0.94931227
0.97521114
0.9657181
0.96801436
0.9394505
0.947842
0.9516058
0.9592237
0.94196117
0.96129
0.97436595
0.93510544
0.96680695
0.92211396
0.95614177
0.9462873
0.9360397
0.9594402
0.9423846
0.9613668
0.9572504
0.92447066
0.9287267
0.9487415
0.9284564
0.967117
0.9420051
0.0
0.95510346
0.94401103
0.9636662
0.96321887
0.96170115
0.9432689
0.96568745
0.93812186
0.9788918
0.9743784
0.97120667
0.9461857
0.9599621
0.95287156
0.9829888
0.9559885
0.98724496
0.9577501
0.94162667
1.0012128
1.0035625
0.97361386
0.9676151
0.98449355
0.9471316
0.9583576
0.9878635
0.97341114
0.9771906
0.95404714
0.94665
0.9600269
0.95416737
0.97215253
0.93172956
0.94614875
0.97919345
0.94631153
0.918833
0.95638907
0.9599746
0.94116116
0.9540855
0.99188054
0.99566275
1.0157852
0.98839736
1.0005707
0.99877185
1.0243546
0.9825353
1.0266526
1.0382407
1.0081245
0.9997296
1.0425785
1.0515835
1.0305263
1.0741135
1.010309
1.0076425
1.0115111
0.9786664
1.0079948
1.0761445
1.0441849
1.0485572
1.0475658
1.0351568
0.9965185
1.0244756
0.9824349
1.0313449
1.0058389
0.9857775
0.9805145
1.0197757
1.039105
1.0149988
0.95177746
1.0389969
0.99717706
1.02285
0.9728981
1.0074456
1.0053862
0.9589588
1.0089071
1.0011821
0.97336996
0.99358755
1.0109816
0.993997
0.96831274
1.0307065
1.016663
0.99477094
1.0042131
1.0179449
1.0505115
1.0067978
1.0113132
1.0043995
1.0022843
1.0081006
1.0068146
1.006608
0.99951166
1.024729
1.0529974
1.0382376
1.0692477
1.0518562
1.0640495
1.0386217
1.0481157
1.0542945
1.020589
1.0274066
1.0612161
1.0395384
1.0214822
1.0601932
1.0241153
1.050454
1.0433569
1.0361506
1.0238485
1.0332661
1.0640929
1.0358802
1.0462973
1.0318011
1.035513
1.0869192
1.0059427
1.02758
1.0005906
1.0109648
1.0278085
1.0197419
1.04293
1.0259672
1.0577307
1.0326927
1.0287256
1.0543562
1.0425522
1.0657774
1.072821
1.0552462
1.0558805
1.0542895
1.041759
1.0393059
1.0358908
1.0507644
1.0377806
1.0427252
1.0436695
1.0303206
1.0317987
1.0885488
1.020448
1.0373116
1.0452582
1.0244783
1.0355358
1.0270212
1.0559982
1.0188727
1.0185486
1.0068054
0.9531436
0.96760017
0.9646486
0.9420752
0.9692772
0.9684417
1.0001781
0.96161073
0.95922023
0.9779227
0.98432624
0.9733374
0.9932368
0.9667687
0.94952494
0.96502745
0.98338157
0.97780746
0.9642219
0.9761555
0.9619895
0.968134
0.98728734
0.9615975
0.9750105
0.9497056
0.9647904
0.9630621
0.96956855
0.9832247
1.0072715
0.987432
0.9470053
0.9726898
0.96167135
0.955152
0.9683159
0.96944916
0.97190577
0.95859635
0.9430954
0.9540776
0.93854845
0.9210131
0.9664986
0.9903496
0.9591092
0.98303646
0.9633785
0.9825519
0.95047504
0.9710791
0.93322784
0.97463435
0.95927644
0.97894496
0.9501885
0.9462568
0.97925496
0.95981336
0.95710737
0.9953446
0.96508443
0.9593757
0.96058786
0.9639042
0.9967565
0.9711146
0.97441554
0.97699213
0.947876
1.0092872
0.9941455
0.9772667
0.9703884
0.9738113
0.9689652
0.98293924
0.96997106
0.99345124
0.9765513
0.9729474
0.9840698
0.9816285
0.9877295
0.9706009
0.95581347
0.9691712
0.96838135
0.9705088
0.9601638
0.9751682
0.98571795
0.9811555
0.97993094
0.9671495
0.99471515
0.9772138
0.9705366
0.9772334
0.9884022
0.9729447
0.96015364
0.97826284
0.9449513
0.9471477
0.9622873
0.95667964
0.9636665
1.0043764
0.99493414
0.9858498
0.9956692
0.96485156
1.0139621
0.9800539
0.9763333
1.0042288
0.9961159
1.0197765
0.96519387
0.9755263
0.9766066
0.98290527
0.96581525
0.9584846
0.9704104
1.0016963
0.970594
1.0031333
0.9698694
0.9967183
1.0036457
0.9983218
0.99761283
0.9972434
1.0115484
0.99945605
0.97216576
0.987955
1.0186571
0.9976763
1.0336334
1.0196855
1.0040138
0.9885065
1.0113916
1.0339743
1.0140779
1.0009555
0.9869309
1.019478
1.0023283
0.9854521
0.99944156
0.96334445
0.9847353
1.0028248
0.9986698
1.0135536
0.99001706
1.0014362
0.96957684
0.97226477
0.99751
1.0226045
1.0021522
0.99108607
0.9798296
1.0266848
0.9870955
0.97520995
0.9897955
1.007899
0.9894429
1.0171462
0.988684
0.98615515
1.0158244
0.9901816
0.96914697
0.988478
0.9868682
1.0161545
1.0121602
0.9942629
0.9629503
0.9774446
0.9835694
1.02222
0.9934148
1.0280423
1.018896
1.0329075
1.0131443
1.0210574
1.0049387
0.99159735
0.98656136
1.0117669
1.0122089
0.9984725
1.025994
0.9799178
0.99645793
0.99424297
0.9808646
1.0075818
1.0276185
0.9959298
0.99785453
1.0076967
1.0086056
0.9873873
1.0033289
0.9909744
0.9873417
1.0013132
1.0012236
1.008597
0.99486274
0.99825305
1.0052286
1.0204686
1.0184987
1.0047874
1.0215356
0.999583
0.9883673
0.9775062
1.0058407
0.9581308
1.0090436
0.99135876
1.0076368
1.0482923
1.0089865
1.074869
1.0179172
1.1085033
1.1034876
0.99108326
1.0071943
0.9785888
1.0083809
1.0011075
1.1358504
1.0925047
0.9932394
1.006531
1.0058295
1.0930463
1.0057485
0.9903634
1.0850779
0.9694975
0.9688072
0.9725762
0.9927474
0.97172016
0.9638237
0.9924454
0.96428174
0.994931
0.9542621
0.96907324
0.97066873
0.9616724
0.9677376
0.9782953
0.9822696
0.95076305
0.9706663
0.96398664
0.9766294
0.97476244
0.95126075
0.9591699
0.9649377
0.95736223
0.95202345
0.9651111
0.98368084
0.95735127
0.9685956
0.970471
0.9751814
0.9683216
0.9557534
0.97513574
1.0073695
0.9578126
0.95216906
0.9520385
0.9632379
0.977668
0.97590864
0.97609884
0.95254076
0.96864647
0.9907194
0.9879981
0.97723734
0.9759739
0.97644067
1.002312
0.9628135
0.96815705
0.95759153
0.9812485
0.9768111
0.97693896
0.95867497
0.9799288
0.97401565
0.944388
0.9770793
0.9825991
0.95132613
0.97409225
0.97611964
0.9621904
0.97356653
0.9619501
0.98931414
0.9711643
0.9668243
0.976297
0.97909087
0.97262233
0.9776914
0.98759764
0.9717127
0.9673263
0.972423
0.9905603
0.97683173
0.9693076
0.96705055
0.9979111
0.9740744
0.96298075
0.970096
0.9626786
0.9692749
0.9891051
0.97403145
0.95866835
0.963124
0.9698223
0.97654074
0.9712834
0.9865509
0.93280673
0.9681643
0.938037
0.92934895
0.949345
0.99366105
0.9506072
0.96759385
0.94523615
0.9631257
0.96594757
0.9825708
0.9672232
0.97416997
0.9754032
0.9814185
0.94626796
0.98025495
0.9741275
0.9680901
0.9864823
0.95725614
0.96900755
0.96481395
0.9596673
0.9603662
0.9471166
0.97176063
0.9559151
0.95310515
0.99496037
0.98903716
0.97256577
1.0093511
1.0110204
0.9745189
1.0017858
0.99764717
1.0192149
0.98191386
1.0139134
1.0254425
1.0562251
1.0007588
0.97140044
0.9977718
0.9765933
0.98916054
0.98392606
1.0109752
0.9482977
0.98969215
0.96478754
0.97214407
0.9957871
0.99139565
0.9732741
0.9964406
0.9548457
0.9905488
0.95285165
1.0058216
0.99479914
1.0003855
1.0102842
1.0096631
0.9875491
0.9863356
0.99477875
1.008621
1.0012876
1.0015535
0.9918385
1.0279938
0.95995426
1.0276539
0.9904201
0.99031687
1.0917654
0.99783635
1.0318406
0.9852664
1.0051713
1.0283017
1.0114985
0.99295515
0.9946219
1.0392696
0.9996678
0.9843056
1.0228432
1.0141748
1.0094297
1.0276077
1.0185736
1.0264689
1.0358106
1.0714774
1.050643
1.0261824
1.0192636
1.005717
1.0416883
1.0266103
0.9890052
1.0284058
1.0281897
1.0179939
1.0044377
1.0040194
1.0091633
1.0037053
0.9875823
1.0143521
1.0669492
1.0228899
1.044674
1.0453546
1.0438397
1.0334343
1.0243003
1.026891
0.99771214
1.0471511
1.0143324
1.0490963
0.98365843
1.0367439
1.0537137
0.99684536
1.0529205
1.0057118
1.0188512
0.9714148
1.02585
1.0375782
1.0401143
0.9830348
1.0562973
1.0427337
1.0226951
1.0337403
1.027127
1.0101365
1.0030489
0.9993159
1.0531805
0.99693745
0.98857385
0.99770415
0.9797549
1.0294592
1.0247213
0.9599936
0.9725611
1.0212455
0.96529484
1.0047215
0.99576944
0.9885769
0.97201324
0.96955633
1.0025597
0.99320656
1.0283916
1.0114963
0.99048954
0.9727364
0.98603064
1.0215095
1.0279235
0.983423
0.99570537
0.9832535
1.0130445
1.0001124
0.967748
0.9756072
0.963953
0.9752842
0.9567732
0.98274416
1.0264428
0.9628974
1.0161753
1.0093365
1.016821
0.9826515
0.966427
1.0180602
0.998305
1.0464894
1.0091637
0.95206887
1.0173022
1.001288
1.009384
1.0002946
1.0195338
1.017577
0.99179375
1.0085526
0.9947069
0.9970676
0.9935993
1.0071043
0.99678355
0.99462354
0.99832785
1.0095589
0.97152734
1.0307728
1.0215012
0.9921523
0.98573613
0.98351914
0.9927346
1.0216937
0.98245084
0.9899153
0.9830607
0.9742913
1.0052869
1.0126828
0.9998556
0.9966039
1.0409514
1.0260978
0.96924037
0.9727658
0.9925081
0.9893693
1.006141
1.0242776
1.0116354
0.98615396
1.02716
0.994693
0.9970956
1.043304
1.015813
0.9898317
1.0314178
1.031404
1.0366192
1.0241553
1.0437869
1.040433
1.0599983
0.9788467
1.0491041
1.033534
1.0591465
1.0383232
1.0431452
1.0464072
1.0321
1.0244179
1.042351
1.0445479
0.9822416
1.0241647
1.0409361
1.0390834
1.043658
1.0326982
1.0508344
1.0219934
1.0375383
1.0707222
1.0186753
1.0179577
1.0213253
1.0125009
1.026443
1.0294124
0.9930244
1.0066434
1.0174313
0.9881335
1.0164171
1.0208671
1.0184762
1.0309935
0.9762327
1.035432
1.0457565
1.0397002
1.0068123
1.0086831
1.0175515
0.99241525
1.0182875
1.0144318
1.0144976
1.0270605
0.9880364
1.0310186
1.0270032
1.022573
1.0185376
0.9921627
1.0385354
1.0069245
1.0067449
1.0128545
0.9915186
0.9984639
1.0186399
1.0252436
1.0522674
1.0305955
1.0251193
1.0324774
1.0184072
1.0458629
0.98970824
1.005429
0.99189216
1.0704185
1.0352215
0.9849901
1.0176419
0.97630894
1.0112733
1.026369
1.0127941
1.042992
1.030161
0.97030914
0.99971014
1.0358162
0.97912866
0.9829678
1.0335809
1.0029317
1.040606
1.0103897
0.99577427
1.0454575
1.0378194
0.99347043
1.0156248
0.99877346
1.004832
1.0490829
1.0017258
1.0168908
1.0188167
1.0181497
0.98927903
1.0508424
1.018194
0.9833226
0.98998857
1.0299842
1.0248364
0.9878231
1.0290124
1.0008523
1.0071232
1.0053632
1.0288272
0.9865469
1.0141647
0.9715504
0.9969615
1.0094546
1.0077906
1.081768
1.0449144
1.0095226
1.0133382
1.034569
1.0264206
1.0150559
1.0239763
1.0023974
1.0300754
1.0274637
1.0034106
0.98753875
1.0019617
0.9956945
1.019375
1.0226343
1.0216323
1.0283853
0.96882564
1.0143068
1.0701474
1.0121554
1.0440407
1.0026287
1.0155145
1.0039753
1.0545763
1.0091084
1.0300643
1.0174334
0.9814295
1.0211071
1.0116873
0.998016
0.9953033
1.005723
0.98233044
1.0145053
0.99176127
1.0037879
1.0231154
0.9916318
0.9873953
0.99756926
1.0139483
0.9750047
0.99312514
0.97308517
1.0685437
1.0419157
0.99066067
0.97462726
0.99658793
0.98854774
0.99436986
0.99235904
1.0101609
0.98823565
0.9965171
0.9946112
0.9583543
0.97576654
0.9729432
0.9825372
0.9586988
0.9897884
0.97136396
0.9674496
0.965157
0.9583903
0.968438
1.0192758
0.955211
0.9857669
0.97980464
1.0026082
1.001149
1.0001117
0.9787359
1.0349641
0.9809462
0.973295
1.0259782
0.98837006
0.98560125
1.0424253
0.9812126
1.0021151
0.9630254
1.0047328
0.9677821
1.0039266
1.0169097
0.9891616
1.000662
1.0012879
0.987001
0.98672956
1.0022758
1.0000762
0.9615767
1.0050533
0.97795916
1.0225972
0.9726648
1.005422
0.97730565
1.0156624
1.0034937
1.0036806
0.99269164
0.9885199
0.98866713
1.0058198
1.0013944
0.9772966
0.9675262
1.0031301
0.97973776
1.0110903
1.0061125
0.96833473
0.98860794
0.98115987
0.98385084
1.0574946
1.0107607
1.0532682
1.0460178
0.9951757
1.0235894
1.011565
1.0143709
1.056891
1.0118595
0.98095787
1.0298676
1.0362891
1.0240614
0.99755645
1.0115894
0.9934159
1.0472906
1.0422336
1.0125877
1.0270607
0.980379
1.006784
1.0035571
1.0153388
1.0063397
0.9894802
0.99176097
0.991242
1.0101202
1.0104485
1.0138955
0.9931071
1.009936
1.0298834
0.98606545
1.0074345
0.9598678
0.98348945
1.004441
0.96094763
0.9799029
1.0013752
0.9963226
0.98320735
0.9807648
0.9991611
0.9969537
1.0125829
0.9908998
1.0137334
0.9963013
1.0284119
0.98773694
1.0284888
1.0201316
1.0157409
1.0276845
1.0023769
1.0063804
1.0412008
1.0146141
1.0268341
0.99493295
1.0345217
1.0358787
1.0293598
1.0039083
1.0303181
1.0270867
1.0462768
0.99000067
0.9996271
1.0206697
1.0587133
1.0253713
1.0061657
1.0013047
1.0251524
1.01698
1.0258558
1.0483413
1.0295849
1.0049654
1.0096917
1.0118098
1.0370706
1.0377796
1.0412049
1.0244904
1.0553434
1.0015754
1.0244578
1.0190179
1.0099858
0.98869693
1.0018549
1.0265579
0.99098825
1.0294201
0.98536694
1.0030382
1.0255444
1.0306617
1.0127269
0.9900659
1.0181804
0.99063516
1.0058872
1.0388927
0.99896413
0.99001336
0.97651577
0.97496456
1.0010004
1.0010294
0.9625461
0.99345034
0.976704
1.0113394
0.99986
0.9728931
0.98608375
1.026894
0.9836669
1.0058521
0.97877616
0.99030936
1.0117326
0.97028273
0.994219
0.991344
1.0103501
1.0065897
0.9730124
1.0103472
0.96480155
1.0279772
1.00168
0.990566
1.0064005
1.0032439
0.9979329
0.9918635
0.9930668
1.0042869
1.0285263
1.0075676
0.9772631
0.9843164
0.9763879
1.0029798
0.9889268
0.9865259
1.0126095
0.9655661
0.9857224
0.99168885
0.98973083
0.99440336
1.006371
0.97576076
0.9688905
0.98241687
0.98791593
1.0222998
0.99955076
0.96714246
0.9917505
0.9865747
1.005137
0.98924637
1.0013673
1.0080463
0.99595696
0.9665645
0.9705159
0.9796857
0.9687057
0.9511522
0.9766224
0.96121436
0.9809906
0.98220325
0.9618801
0.99480337
0.9662204
0.94028425
0.9818119
0.98157173
0.98026866
0.95604455
0.9889372
0.97971785
0.98362935
0.96905565
0.96800196
0.98959506
0.981259
0.9732981
0.9544112
0.9543267
0.9784627
0.95278716
0.976931
0.967385
0.97678894
0.97583646
0.9708511
0.9878444
0.9784129
0.97170216
1.0186965
0.9678421
0.9710969
0.9626537
0.95568526
0.98415726
1.0089705
1.0402781
1.0508327
1.0363796
1.0211382
1.0111581
1.0125661
0.9656648
0.97445005
1.0127093
0.9774387
1.0122218
1.00732
1.0096338
0.987886
0.97445846
0.9515474
0.994178
0.97300893
0.97793126
1.034201
0.9733022
0.95892483
0.97418857
0.9773861
0.97792083
0.9715993
0.9725064
0.9536074
0.97875583
0.9831879
0.98481727
0.99803185
0.97745335
0.95966953
0.9967446
0.98645025
1.0117311
0.992131
1.0269861
1.0072801
0.96668446
0.9846189
1.062361
0.9873839
0.9772717
1.0365398
0.97729963
0.98690814
1.0089403
1.0147017
1.0302933
0.9599607
0.99313843
0.980346
1.0429692
0.9626035
1.042769
0.984711
0.95485055
1.056664
1.0093856
0.9705231
1.0266362
0.97794783
1.0287917
0.96109986
0.9906587
0.9946219
0.9826691
1.0317839
0.95427287
1.003833
0.98847675
0.9754187
1.0433724
1.0023458
0.92527467
0.9953896
1.0013334
0.98319197
1.0013946
1.0654507
0.95956933
0.9704735
0.9881337
1.0033928
0.9919617
1.0161746
1.00901
0.9859974
1.0043092
1.0191259
1.0065378
1.0273722
0.99932647
1.0156903
1.0274172
0.9861351
0.97947776
1.0157094
1.0005322
1.0119194
1.0247232
1.0242976
1.004149
0.994832
0.9899065
1.0053573
1.0008422
0.99579537
1.0293257
1.0256517
1.0170413
0.9691857
1.0084928
0.99591076
0.97361296
1.0103973
1.0174856
1.0369432
0.96624905
1.0134693
0.99843603
0.99717474
0.992514
1.0028862
1.0293823
0.98447984
0.99575055
1.0130804
1.0554689
1.0172787
1.0050155
0.9707075
1.0197486
1.0047779
1.001061
1.0042385
0.9913567
0.99122053
1.0359055
1.0418149
1.0055476
1.0072128
1.0223385
0.997364
1.0160499
1.0215871
1.0320847
1.007735
0.9928133
1.0141449
1.000554
0.9958398
0.99621445
1.0012811
0.9995483
1.0057819
0.9700228
0.9985143
0.9829837
0.99113524
0.9944843
0.97537667
0.9853713
0.99389315
0.9905352
1.024649
1.0004754
1.0200031
1.0177411
0.99812996
1.0044181
0.965621
0.9958993
1.0032953
1.0016358
0.99170136
0.9724856
1.0082699
0.99621767
1.0135778
1.0015866
1.0135902
0.9859263
1.0107557
1.0189836
0.95663804
0.97094715
1.024906
0.99409676
1.0073031
1.011432
1.0177426
1.022422
1.0087048
1.0051152
1.0034133
1.036997
1.0132251
1.0160934
1.0052369
1.025658
1.0123751
1.0239727
1.0035142
1.0101238
1.026289
1.0256941
1.0033951
1.0332735
1.0329825
1.0071234
0.9830063
1.0231646
0.9871595
0.99777436
1.0302329
0.9852644
0.9746128
1.0292844
1.0052717
0.9951985
1.0393999
1.0105308
1.0212306
1.0678293
1.1887356
1.0483464
0.9852388
1.0156369
1.0124222
1.1362965
1.0257766
1.0050652
1.0287431
0.982297
1.0233958
1.0335389
0.9895906
1.0132351
1.020775
1.0035938
1.0459292
1.0089846
1.0050159
1.0240866
1.0461525
1.0342528
0.9990726
0.9902572
1.004056
1.0247375
1.0293647
1.0201151
1.0945692
1.0056311
1.0073177
1.1441363
1.0701597
1.0313306
1.0520706
1.0465442
1.0278288
0.99124664
1.0115298
1.0250942
1.073149
1.0015903
1.021226
0.9926276
1.0425544
1.1382998
1.0071448
1.0264703
0.9736027
1.0896455
1.0140588
1.032701
1.0377932
1.0786589
1.0604097
1.0548415
1.21
1.013312
0.9899919
1.1189883
1.0118892
1.0022967
0.99856323
1.021451
1.1030952
1.0280092
1.004827
1.013181
1.037554
1.0202193
0.99559176
0.967268
1.0258361
1.025626
1.0035709
1.0278472
1.0098644
1.0177133
0.99453264
0.9904719
1.0319028
1.0116972
1.0074687
1.0252694
1.0087512
1.0010495
0.9857583
0.9868373
0.98321414
1.018688
0.9773036
1.0529058
1.0207652
1.0655763
0.9609077
1.0008954
1.0511895
1.0190943
1.0141379
1.0128086
1.0253915
1.0366968
1.0180793
1.0271525
1.0074701
1.0667588
1.0084759
0.99536175
0.9609946
1.0093886
0.990955
0.9862831
0.98446006
0.94824743
1.004396
0.9680197
0.9923909
1.0117857
0.9858354
1.0045693
1.0135324
0.9887674
1.0223975
1.0121738
1.0042064
1.000725
0.9884671
0.99112827
0.98429507
1.0039809
0.9759749
0.98541594
0.98533267
0.9679476
0.99442744
0.9887601
0.97262377
0.979766
0.99987113
0.9877481
0.9948213
0.9983683
0.9848646
1.0168622
1.0027671
1.0155165
1.0163307
0.98944014
0.97806823
1.0127646
1.0418446
0.97012854
1.013601
0.9949527
1.0469548
0.9986057
0.97966176
1.0063075
0.9922141
1.012139
0.9910685
1.0001609
1.005516
1.0212103
1.0131677
0.9993311
1.0246482
0.9847344
1.0036057
0.993536
0.9885364
1.0002509
0.9971328
1.0262115
1.0299551
0.9935012
0.9940136
0.9877021
0.9987004
0.99723214
0.97937506
0.9892314
1.0080055
0.9752797
1.0170047
1.0009313
0.98300856
0.99064493
0.9790987
1.0017827
0.9556706
1.0171211
0.98156065
1.0005039
0.99378675
1.0218662
1.0278132
1.0264965
1.011933
1.0093211
1.0155008
1.0023999
1.015952
1.0065104
0.9883796
0.9978137
1.0319426
0.99646455
0.98666024
1.008946
1.0054488
0.9886551
1.0127614
1.0182033
0.9955066
0.94981956
1.0004929
0.99469876
0.9885144
0.97689265
0.9858622
0.9596525
0.9936623
1.0057511
0.9729512
0.9761879
1.0071254
0.98366606
0.982332
0.9848582
1.0032517
0.98655814
0.9479302
0.96511424
0.9625069
0.9749194
0.98162675
0.97798306
0.9833162
0.9746514
1.0036757
1.004295
1.0192837
1.0030364
1.020235
1.004297
0.9883037
1.0090778
1.0034732
1.042639
1.0001992
1.0671271
0.99488324
1.0203329
1.0030987
0.999096
1.0083015
1.0364995
0.99669725
0.9944374
0.9862787
0.97121567
0.99342567
1.007312
1.0014902
1.0131649
0.9962518
1.0105131
1.0309343
1.0089288
1.0273671
0.9813043
1.005823
1.0094916
1.011621
0.9954557
0.9905916
1.0677503
0.9965111
1.0083891
1.0186942
0.99444556
1.0366298
1.0247033
1.0637051
1.0520742
1.0254844
1.0963242
1.0157756
0.9929753
1.0026622
1.0084716
1.0071948
1.0242548
1.0112088
1.0165305
1.0623153
1.0379486
1.0129204
1.0133078
0.9745401
0.9905885
1.0338929
1.0132455
0.9977627
1.0160297
1.0121223
1.0046595
1.0883695
1.0424821
1.020872
1.0444354
1.0286437
0.988241
1.0469663
1.0147009
1.0091001
1.0213209
1.0289751
1.0453407
1.027241
1.0825675
1.0659529
1.0367488
1.0989658
1.0252018
1.0401661
1.0189098
1.1353359
1.0265809
1.0704181
1.0700245
1.0157669
1.0547187
1.0512135
1.0509301
1.0304914
1.0443325
1.0467141
1.0257653
0.9938028
1.0795442
1.0420474
1.028176
1.0423317
1.0237961
1.0502917
1.0238099
1.0526873
1.0538754
1.06646
1.0493748
1.0385753
1.0508804
1.0370162
1.0168663
1.0284408
1.0226785
1.0646615
1.0259321
1.0053568
0.9978327
1.0120752
1.0099831
1.0226129
0.9980048
1.0217165
1.0020463
1.0370842
0.99383444
1.0270249
1.0078698
1.0057732
1.0179037
1.0306089
1.0474921
1.0039103
0.98708326
1.0200775
1.0361125
1.0090387
1.0018945
1.0402877
1.0140557
1.0138593
1.0268674
1.0300697
1.0015548
0.9705169
1.023159
1.010221
0.9973251
1.0088674
0.9862117
1.0380644
1.068525
1.0185629
0.99155253
1.0162392
0.98102784
1.0008177
1.0268312
1.0023042
1.0095575
0.9834345
0.9989237
1.0104467
1.0074257
1.022213
1.0197428
1.0284951
1.0017307
0.99866605
0.96792734
0.989418
0.99857587
0.99194455
1.0082531
1.0059704
1.0264314
1.002782
1.0170797
1.0212375
1.0446267
1.0030121
0.9911943
1.0104657
1.0194606
1.0225319
0.99420094
0.9889396
0.9907259
1.0008397
0.9750095
0.97761065
1.0082446
1.0174308
1.0086982
0.98350096
0.97355837
0.98466444
0.9721761
1.0111048
0.96962506
0.98602253
0.9997926
0.97447145
0.9999414
0.98353755
0.9810346
0.9814474
0.9779326
1.0322306
1.0134722
1.0155878
0.97947997
1.036068
0.99771184
1.0110247
0.98073184
1.0204933
1.0201585
1.0036461
1.025244
0.9790069
1.0116525
1.0302256
1.0392561
0.9977052
0.98005736
1.0192037
0.9738829
1.0177624
1.0200189
1.0022137
1.0150684
1.0079919
1.0068862
1.0206908
1.0175879
1.0087044
0.99875057
1.0025016
0.9725851
0.9721824
0.99795556
0.9898982
0.9629826
0.97742134
0.9881497
0.9840558
0.99294007
0.9868522
1.002536
0.989868
0.9947953
0.98962235
1.0808632
1.0373509
1.0531225
1.0942539
1.0504458
1.0422887
1.064528
1.0509983
1.0595173
0.9958062
1.0585866
1.0423428
1.0396044
1.0513554
1.0923408
1.0488702
1.1111993
1.0532044
1.0369475
1.0560142
1.0394562
1.0863544
1.0101749
1.0072962
1.0018582
1.0636885
1.0617801
1.0337071
1.0310427
1.0844176
1.0519257
1.0531234
1.0570842
1.0643545
1.0571477
1.0043718
1.0766945
1.0457362
1.0300989
1.0184368
1.0526605
1.053752
1.0265783
1.0096104
1.0354544
1.0572919
1.0313731
1.0510664
1.1001219
1.0420414
1.0594273
1.0822854
1.0370389
1.0700381
1.05019
1.0075737
1.0264206
1.0425403
1.029147
1.0359223
1.03156
1.0329248
1.042493
1.0895511
1.0192422
1.0107634
1.0697308
0.9722451
1.0029536
1.031681
1.0243186
1.0005571
1.0793269
1.0271323
1.034004
1.0378975
1.0463685
1.0179658
1.0449121
1.0028882
1.0452543
1.0513527
1.0536475
1.0331134
1.028202
1.0543015
1.0463384
1.0379639
1.0463487
1.0164876
1.063364
1.0076985
1.0060412
1.0486797
1.0119654
1.0296721
1.0506438
0.99813735
1.0335164
1.0517172
1.0083994
1.027059
0.99736387
1.0562316
1.052618
1.0631179
1.0323997
1.0374407
1.042749
1.0518191
1.0382955
1.0632106
1.273097
1.2455099
0.97875583
1.0428813
0.98559433
1.0230813
1.0457722
1.1589539
1.0706313
1.0361612
0.9920043
1.0662684
1.0867752
1.0161932
1.0259981
1.0369077
