17053
16773
16615
16776
17068
17275
16150
17502
16414
16921
16133
16803
16382
15341
17180
17401
16318
16262
16157
15948
17508
17501
16229
16032
15954
16025
16231
21031
17475
16296
17317
16623
16885
15898
16272
17267
16159
16778
16357
16606
16454
16658
16889
17133
18563
16925
18033
16943
18262
18331
16409
16739
17229
17193
17101
17826
19333
16847
17633
17036
17834
15904
16602
17938
17758
16653
16289
16666
15786
17567
16226
18749
16865
16000
18393
16127
16398
16980
16507
19489
18284
17841
17889
19117
16734
17335
16354
19550
16297
15902
16748
16216
17474
17476
15568
16090
15872
17447
15749
15864
17349
17257
16946
16280
16338
16055
15683
16190
16734
16116
16588
15464
16300
16728
16501
15759
16167
15738
15821
16637
16699
15313
16161
16056
15947
16164
17176
16610
17384
17400
18025
17142
17265
16259
17542
12783
17509
17768
16710
17201
17188
16862
17291
17736
16898
17082
16818
16417
16490
17214
17109
16708
16809
17245
16838
20118
17977
17087
17765
17077
16892
17058
16557
17556
17014
18127
17290
17890
17137
18166
17332
19372
19487
17871
19035
17972
19584
18920
14296
18340
18982
18356
17917
18897
19677
18225
18003
23339
19129
17827
17057
19692
18369
17156
17574
17394
16302
19076
17483
18714
17278
16633
18732
16340
17377
17360
17043
17493
18365
18051
18117
19434
17089
17380
16746
17848
16803
16887
16475
16674
17503
17630
16615
16334
16833
15788
16566
15346
16933
17746
17112
17057
16781
16176
15939
16848
17042
16048
15999
16625
17002
15962
17216
15884
17105
16654
16462
16571
16942
16967
16614
16549
16513
16380
17137
16538
18115
18138
18339
18293
18175
18078
17770
19986
17803
18468
17384
17763
17346
18159
17624
18187
17441
17354
18092
17301
18780
17213
17920
17095
18679
18734
17795
18566
20135
17527
18768
18050
18632
17463
17950
18962
18169
19824
18265
19204
19127
18235
18735
20088
21605
18997
21027
18897
20949
21229
18383
18851
20191
19087
19357
21211
22233
19407
18496
18263
21317
18494
17596
21692
20805
19447
17922
18873
18008
20932
18082
21060
18981
17682
20820
17406
18255
18548
18413
19747
20045
20760
20306
21368
18785
18147
19108
19277
17826
18816
18634
17559
18815
18703
17400
17623
17608
17085
18039
17520
18567
17978
18854
17754
18429
18072
17827
17871
18280
17099
17696
17939
17749
17764
17940
18014
18851
17226
17223
17282
17595
16811
17713
16977
18282
17856
17809
17294
19358
18067
19836
19363
17520
17490
17765
19943
18335
18502
17652
17469
17994
18733
19922
19359
20105
18151
19027
18020
21083
19412
18892
17755
18052
17439
17371
17588
17731
17733
8628
17463
17535
16259
17273
18013
17281
17631
17201
16865
17201
16830
17708
18719
21025
17447
20651
17836
20966
21180
17517
17586
18565
17862
17262
20855
21732
18235
18711
17304
20821
17593
17210
21623
20415
16903
16687
17422
17419
20232
17368
23216
17705
16670
19561
16684
17596
16772
17774
18361
19870
20156
20335
21246
16828
17134
17723
18327
17291
15986
16658
17384
16913
18573
17208
16041
15655
16270
17254
19400
18422
71
17787
17192
18732
16458
17959
17760
19480
16926
17913
17463
18462
17629
18314
17370
17935
17038
18126
182
19172
17021
17556
17614
40025
16130
18692
18344
19507
18625
19140
19368
18371
18297
17833
19727
18674
18564
19027
19266
18815
18780
20205
18796
19380
18302
19838
18505
20465
19290
19707
18766
18922
18317
19147
17392
19670
17759
18767
18580
18523
18106
18129
18470
17770
18328
18027
18782
17857
17504
17775
18961
22065
18274
21487
17784
21190
21540
17790
18433
18677
18058
17902
21185
21382
18332
18755
17618
21013
18366
18426
21244
23207
17778
17236
18371
17628
20482
17695
22403
18438
17964
20783
17571
17836
19424
17213
19300
21618
20703
21866
21116
18829
17823
18447
19124
17824
18065
18022
18016
18785
18185
17509
17562
17226
18033
17549
17383
17991
19249
18307
18191
18623
18007
17959
18300
19472
18178
18121
18108
18336
18680
19731
18664
19693
18253
18981
19252
21713
18457
17885
18230
18715
18200
20320
18773
16459
16652
16974
17422
17571
16766
17360
17515
16658
17234
16316
16721
17090
17512
17184
17212
16460
16340
16802
16429
18143
17946
16801
16761
18113
18154
16420
16827
19823
16515
18333
13852
16716
17290
17114
18322
16701
19995
17667
17610
18018
16905
18787
21668
21643
18241
19525
17894
19292
20713
17713
18528
18654
18010
18446
19205
19667
18084
17102
17335
19442
17341
16406
19593
19100
17986
16841
17069
17266
19399
17650
20318
18378
16853
18813
17262
17571
18867
17149
18952
19135
18761
19054
18771
17738
17864
17410
17588
17434
16162
17128
17264
17478
16895
16970
16625
16455
16598
16593
16294
17027
16606
17854
16262
17291
16541
16539
16746
16380
16219
16049
16465
16340
16852
17851
16952
18817
16587
16988
17041
17992
16748
17089
16669
17105
16773
18685
16593
17944
16775
17645
17845
0
16865
0
17965
17319
17098
16304
17148
16999
17208
16969
16865
17606
16572
17449
16705
18250
18060
16608
17276
16969
17024
17200
0
17352
17171
17761
18012
17232
17063
17205
18840
17937
18227
17675
17744
17874
17580
17668
18577
19885
17763
20026
18426
19492
20071
18097
17798
18263
17783
17906
19922
20322
17909
17777
17365
20003
17710
17409
20519
19037
17150
16501
17482
16634
18928
17101
19890
18025
16888
19676
16219
16748
18547
16446
19048
18878
19010
19121
19914
16726
16904
17323
18246
16008
16544
16648
17428
16785
16552
16368
16552
16305
15884
16369
16154
16416
16985
18466
16138
16325
15954
16335
16384
16488
16059
16400
16519
16906
16910
17388
16784
17423
15715
16916
17228
18687
16633
17021
16050
17072
17268
17770
16698
16450
16369
16517
16509
15856
15933
15840
16726
15393
16445
16013
15448
15780
16054
16207
16936
16466
16350
16963
15950
17544
16698
16997
16154
15896
16219
16671
15281
17523
16487
17518
16203
15620
15987
16217
17556
16533
17483
15769
16240
16240
16444
16872
17457
18961
15866
18152
16818
17383
11959
15867
15846
17353
16411
15780
16853
18412
16737
16341
15739
17392
15412
15026
17201
16673
15433
15186
15905
16299
16751
15821
17428
15436
16164
16424
16112
15192
17170
15253
16346
16634
16067
16531
16118
15697
15760
15051
15679
15535
14912
15152
15522
15404
15229
14908
15393
14832
14799
14624
14179
15040
15340
16786
14454
15276
14728
14436
14576
16412
15038
15422
14801
15168
15330
15821
15065
16196
15008
15639
15883
16519
15479
14998
15110
15638
15010
16180
15170
17791
15971
15942
17810
15401
15597
15864
17908
15815
15753
16210
15288
15992
15372
17477
16132
16958
15734
17503
15695
17600
17470
16838
15753
16331
15550
15588
15719
16254
16063
16413
15749
15143
15405
15494
15695
15772
15951
15703
15154
15097
16145
15096
15486
16520
16742
16508
15456
15675
15944
14849
14718
16491
15390
15423
16239
16562
16179
16139
15285
16170
15573
15063
16458
16034
15445
15730
15350
14517
15658
14750
16347
15010
15526
15609
15504
15419
15841
15200
15540
15148
15848
15149
16388
15343
15283
15127
15954
14190
15243
15381
15379
16190
16411
14983
14976
15002
15669
15374
15113
16704
14978
15968
15689
17265
15113
15890
15262
17734
15691
17209
15695
17164
16946
16250
16052
16541
15469
15811
16809
17043
15073
14099
15003
16758
15659
16260
16868
15404
14968
15410
16196
14518
13580
14529
15181
14875
15686
14691
14663
14816
14973
15781
14990
15795
15303
15496
15205
15975
15680
15341
14479
15496
14464
13937
14354
15561
14413
14844
14502
14612
14627
14219
14590
15363
15241
14562
14959
14629
15155
14430
14623
16382
14507
15312
14067
15282
15240
14729
14816
14501
14229
15522
15204
15901
15451
15148
14331
15800
14647
14753
15586
16818
14765
15440
15619
15007
16564
14934
16250
15516
15249
15626
15077
15527
15716
14595
16413
16380
16598
17017
18321
15047
15433
15454
16311
14611
15911
15117
14691
15878
16236
16007
14974
15662
15497
15443
14864
15481
17106
15594
14678
17376
14985
14862
14902
17420
14702
16465
15504
15795
16789
15297
15178
16648
16136
15706
17156
17251
15438
15574
15526
16353
14722
15638
16288
16444
15067
15426
15756
14635
14367
14679
16292
15262
15225
15392
14789
15133
15111
15498
15298
15456
14668
15509
14705
15843
15265
15452
14359
14836
14853
14548
14420
15157
14422
15590
14354
14630
14710
14823
14720
14412
14822
15137
14654
14663
14889
14343
15510
16382
14251
16185
15042
15837
16513
15010
15077
15542
15209
14989
16523
16691
15600
15499
14931
15935
14952
14962
15624
16013
15222
15124
15478
14732
15719
15412
16010
15159
14606
15515
14812
14993
15409
14424
15159
16256
15894
16308
17105
14697
14982
15281
16160
14275
15630
15272
15130
16376
15991
14807
14708
14745
14549
15504
14444
17399
16549
15529
15137
16373
14156
14679
14739
16915
14707
15597
15386
15557
15320
15347
14517
15817
14895
14792
16095
16703
14972
15573
14864
16120
14793
15865
15135
15013
14791
14861
15003
14949
14463
14707
15262
14487
14852
14422
14385
14540
13835
14401
14900
15191
14223
14648
14249
15251
14611
14512
14350
14971
14489
14214
14870
14723
14511
15097
14661
14351
14234
13800
14886
14734
14889
14435
14553
14595
14552
14626
15248
15672
15168
15877
14740
16346
16053
13974
14636
15514
14662
15036
16139
16868
14894
15489
14731
16024
14275
14820
15631
16018
14457
14538
14939
14526
15590
14561
16951
14962
13991
15581
14237
14376
15177
14406
15892
16000
15944
15891
16396
15591
14636
15061
15658
14863
14496
14464
14333
16036
15466
14786
14456
14757
14477
14771
14670
15547
14659
14610
14584
14849
15067
14528
14055
15496
14695
15173
14088
15232
15377
15042
14559
15288
14418
14005
15110
15412
15116
14698
14378
15030
14524
16068
15472
15936
15542
14965
15997
15030
14535
14720
15606
14876
15005
14485
15116
15126
15081
15918
15176
15118
14776
15926
14917
16754
16087
15501
15042
14561
15398
15113
14762
16305
14663
16558
15042
15555
14667
14830
15778
14946
15768
14634
15207
15101
15275
15498
16999
17953
15252
16438
14726
16034
16592
15074
15482
16312
15463
15375
17125
16607
15777
15236
14924
16470
14818
15159
16133
16357
14927
14740
15070
14985
16162
14675
17217
15757
14730
16529
15271
15097
16161
15695
16002
16314
15920
15694
16031
14863
14857
14393
15891
14714
14914
14288
15190
15046
15305
14080
15485
15088
14877
14554
14532
14610
15372
15990
14118
14426
13985
14047
14355
15269
14150
14968
14841
14980
14802
15461
15388
15644
14418
14933
15240
16434
14869
15448
14703
14934
14730
16157
15458
14951
14903
15172
15543
14364
14783
14436
15578
14725
15312
14387
14590
14359
15025
15297
14925
15134
14332
15129
14953
16192
15454
15878
14612
14614
14843
14436
14639
15377
14463
15861
14534
14558
14689
14514
15853
14651
15570
14770
14843
14840
14477
14690
16056
15987
14701
15947
15098
15944
16028
14966
14306
15058
14552
14463
15556
15739
15379
15665
14416
16173
14613
14582
15897
15423
14481
14239
14058
14446
14959
14977
16416
14213
14151
15286
14310
14660
15480
13911
15134
14653
15340
14952
15490
13835
13769
14462
14192
14325
13870
13583
14524
14561
14742
13756
14162
14081
14084
13961
14254
14468
14259
15179
13498
14824
13835
14299
14116
15048
14338
14794
14243
14691
14944
14953
14409
15311
14351
14622
15400
16352
14726
14070
14241
15119
14111
15465
15242
16527
15593
15881
16901
15768
15499
15800
17243
16811
16009
16971
14991
15261
14750
16693
15588
16879
16105
16751
15757
17366
17081
16427
15989
15380
16023
15939
15104
15823
15464
17043
16644
16009
16551
15176
16274
15533
16114
15452
15195
15716
15410
16282
17494
14501
15891
16262
16318
16056
16160
15010
15876
15718
14980
15466
16435
16017
15700
16041
15405
16135
14568
15185
16552
15844
15728
15052
14387
14898
16013
15488
16968
15871
15175
16726
15202
15201
16303
15285
16221
15966
15461
16250
16174
14917
15043
14597
15389
14862
14721
15083
15001
14930
14789
14855
14724
14622
14991
15069
15065
14905
14682
16364
14576
15555
14573
14424
14799
16447
15142
15407
15472
15951
15704
16294
15109
16245
14515
15484
16841
17778
14948
15069
15303
16623
15258
15831
16118
16790
15247
15397
16810
15221
15444
14785
16767
16493
15314
16539
15029
15489
15495
16555
15564
16416
15216
16669
15367
17570
16344
16298
15992
15511
14939
15752
14854
16721
15183
16322
15626
15884
16050
14764
16104
14736
15763
14741
15613
15023
15224
15177
16100
16683
14956
16225
16476
15908
15420
14992
15146
15067
15054
15435
16009
17098
14887
14974
15215
15694
14485
15081
15674
14668
14294
14511
15125
14088
15347
14125
15628
14762
14147
14374
14273
13586
14950
15343
15489
15000
15545
15158
14343
14116
14028
13520
13801
14141
14160
14129
14610
14660
14082
13581
14185
14998
13691
13628
14129
14030
14291
15142
14049
14788
14126
14437
14609
15895
14624
15754
14209
15415
15248
15694
15509
15396
14093
15206
16318
17448
14553
14262
14502
16270
14450
15818
15764
18130
15542
16273
18235
16034
15601
16256
18357
15700
16738
15397
15930
16188
15717
17641
16157
17931
15421
17597
15159
18302
17772
16085
15514
15203
16406
15068
15740
16578
15888
16556
15605
16173
15246
16754
17115
15647
16369
15889
16470
16620
16543
16150
16864
18367
16269
17166
16180
16863
16809
16784
16394
16681
16303
16401
16521
17346
17274
15768
16859
17426
16883
16208
17383
17548
16712
15710
16596
15740
16515
16089
17464
16543
15916
17287
15653
16657
16788
16583
16955
17424
17214
17626
18330
16756
16925
16843
17447
16679
16545
16419
15845
17405
17037
15759
16150
16319
15995
15881
15520
17477
17278
16676
16985
17450
16272
16284
16647
19042
16193
19261
16261
20009
17970
15799
15911
16406
16005
16433
18617
18858
15586
15795
16036
18508
16044
16329
18884
20009
18256
18896
19354
17311
17727
17817
20026
18027
18241
18640
17883
18085
17839
14497
19404
20021
18108
19513
17694
19895
19443
17733
18229
17582
17738
17765
16356
17668
17660
17854
17471
17277
17435
17046
17610
17290
17190
17328
16565
17392
18273
16478
17639
17653
16924
17016
17547
17054
17147
17102
16902
18083
17083
16968
16585
18190
17941
17877
17198
17504
17234
17778
16828
18083
16814
17152
17335
18014
17181
17164
17506
16856
17583
17262
17439
17794
17922
17123
17756
17647
17572
17154
17995
16773
16685
17257
18088
17162
16828
16995
17325
17982
17887
16971
17214
18288
17386
16839
17233
18583
17957
16659
16818
18280
17633
16495
17700
16898
17518
12169
17509
10601
18610
18066
17756
18200
18166
17406
18612
19590
17042
17953
17488
19222
17689
17912
19571
18119
16673
17377
18145
16232
16668
16452
18691
17196
16676
16777
16644
16397
15918
18372
16899
17972
16381
18299
16787
18003
17640
17024
16568
16442
16148
16188
16870
16563
16387
16378
15933
15715
16654
15672
16551
15978
16417
16386
15311
15722
15153
15061
16015
16273
15278
16077
15567
16175
15828
15658
15161
15751
15906
15280
15836
16947
16119
17019
16121
15914
15403
14772
15970
16270
15810
16104
15506
16447
15457
16052
16213
15536
16338
15846
16495
15829
15975
15886
15969
16003
16695
16039
17073
16035
16125
15550
16895
15732
16130
16693
16078
16612
17254
16430
16238
15836
15885
16213
16077
17254
16900
17089
16654
17940
16679
17177
16664
19462
17031
19014
17147
18515
18206
17086
16864
16865
16706
16888
18504
17864
16368
15695
16503
18218
17078
16589
18331
17597
16347
16550
17336
15635
16290
15622
18080
16415
16411
16604
15770
15995
15764
17698
17028
17528
16237
17097
16196
17960
17229
16882
15918
16379
16190
15204
15915
16688
15816
15624
15495
16892
16166
15507
16202
15417
16605
15770
15456
15621
15604
15365
15930
16796
15448
15853
16165
16411
15711
15503
15324
15818
15801
15139
16369
16384
16709
16593
15693
15911
15735
16026
15970
16133
15750
15485
15688
15687
15876
14924
15919
15320
15910
15983
15780
15408
16247
15287
15713
15849
16266
16119
17329
15603
15482
15579
16426
15692
15659
15444
15347
16657
17015
16152
15237
15339
15621
15653
15038
16307
16368
16392
15741
17051
16121
16250
15852
18002
16793
17050
16948
17441
17724
16484
15842
16414
15811
16261
17440
17648
16262
15174
15175
17625
15667
16383
17465
18033
16966
17544
17929
16669
16239
16117
18618
16360
16208
16391
16902
16371
16109
17737
16641
18296
16740
17990
16408
19011
17777
17278
16746
16605
17013
16160
17276
17520
16443
17405
16437
16206
15957
16280
17075
16210
16885
16434
16226
15777
16103
16301
16829
17263
16047
16782
16081
15988
16971
16446
16243
16467
15846
15987
16673
17097
15998
16713
16146
16303
16352
16697
16581
15797
16267
15904
15477
15578
16775
15997
16845
15669
15423
16089
15871
15325
17050
15933
16732
15701
15845
16065
15699
15349
15695
14906
15685
15573
15607
15496
16286
15832
15830
15495
15687
14485
15389
15687
15420
15419
15394
17321
15630
16453
14863
15782
15932
17088
15834
17286
16240
17245
17676
17216
16201
17534
16100
16477
18195
19417
16139
16277
15083
17620
16065
18090
18086
18524
17947
18183
18253
17085
17197
17126
19524
17440
17308
17241
15910
16871
17261
19185
17875
18343
17104
19194
17576
19566
18117
18636
17491
16890
17600
16696
16462
17611
16884
17850
16766
17167
17159
17045
17737
16499
17677
17163
16816
16497
17051
16778
17120
17654
16218
16666
16538
17215
16756
16785
16402
16864
16262
31866
16844
17350
17085
17068
16432
16903
16574
17263
17153
17227
16262
16907
15864
17039
17747
16829
18446
16453
0
16880
19027
16083
18626
16802
17509
16878
16430
17577
16934
16025
16143
15814
16601
16354
16613
16587
16537
16298
17007
16238
16753
16087
16091
16336
0
21672
17324
17569
16671
16941
16544
17041
17529
19179
17683
18621
17147
18740
19111
18525
17975
19520
17229
17850
19049
20551
16057
17651
16412
19274
17793
18072
18458
19444
18467
18197
19546
17931
18302
17801
19417
18559
18165
18062
17942
18233
17962
18038
18674
19153
18681
19146
18871
20100
19842
18614
18212
18189
18057
18126
17641
18508
17921
18843
18770
18227
18255
18130
18525
18784
18670
18076
17616
17794
18259
18462
18354
18916
17984
17841
17860
18037
18005
17683
17744
18128
17954
17497
17161
17908
18317
17946
17908
17913
17438
17929
17958
17797
17690
17918
17664
17728
18450
20011
19663
18537
17958
17429
18401
17742
18506
17888
18896
17337
17375
17775
17549
17568
17459
17292
17298
17606
17513
18003
18354
17476
17495
17178
17660
17549
17489
17624
17957
17575
17951
19070
17312
18123
18044
17762
17675
18919
18173
19057
18173
18987
19531
19063
18165
19321
18248
18419
18511
20893
18409
18361
17725
18469
18156
19347
19933
18849
16969
16671
19920
16074
16458
15611
19805
16383
16953
16580
16647
16283
15882
19376
16638
19363
16395
19062
16498
19611
18972
17478
16922
16208
15933
16557
16545
17169
16287
17396
16227
16263
17116
16489
18351
17051
18321
16329
17261
16723
17516
17446
17785
19226
16872
17736
17879
18086
18275
17080
16990
17462
16961
16981
17887
18420
17374
17398
17134
18071
16604
16953
18660
18111
16395
16303
16657
16143
18247
16702
18788
16441
15933
18112
15568
16623
18143
16670
18336
17631
16751
17240
17293
15890
16754
16431
16651
16417
16035
16319
16551
16924
16794
15980
16052
15668
15226
15130
15798
16076
15628
17782
15289
16492
15177
15669
15721
18396
16188
17380
16022
19532
18384
17299
16054
17678
16231
16430
19308
20002
16115
16379
15780
18848
15357
17274
18708
18188
17716
18099
18735
17031
17206
16492
19481
17498
17542
17130
16780
17585
16989
18555
18378
18160
17227
18135
17366
19174
17952
18093
17141
17064
17118
16743
16490
17820
16491
17649
16745
16556
16480
16914
17633
16372
17540
16649
16532
16654
16646
16899
17902
20882
17194
19896
16857
20445
20063
16530
16725
18147
16285
16735
20061
20737
16739
17225
16997
20162
16495
16983
20094
19378
16388
16740
16837
16527
19300
16139
20273
16943
16884
19594
16510
16768
16788
16718
17461
20163
19582
19082
20714
16830
16286
17020
17678
16469
16440
16056
16549
16854
17372
16697
16448
16754
16194
17239
17071
17646
17554
17558
16766
18337
17024
17131
16807
18565
17106
17903
17430
18882
18974
17956
17270
17855
17357
17134
18133
18200
17024
16764
16883
18080
16860
17483
18429
17339
17329
17931
17300
17722
17463
17916
18500
17635
18580
17611
18033
17531
17066
17718
18286
17537
17748
16955
17231
17484
17745
17895
17706
17373
17996
17566
17828
18161
16761
17456
17916
17175
17054
17563
18102
17782
18371
17215
17720
18201
17701
18715
19082
19835
18663
20043
18417
19868
19844
17744
18246
18977
18425
18592
20056
20688
19198
18002
18330
20262
17859
18280
19583
20103
19233
18492
19321
18640
20031
19426
20541
19209
19127
20501
18874
18907
19433
19696
19234
20100
20070
20636
21982
18733
19072
19033
19929
19253
19380
19158
18696
20017
18986
18456
18854
18527
18742
18535
17979
18969
19208
18677
18480
19275
18338
17938
18022
18860
18680
18372
18203
18697
18539
18438
17742
17950
17861
18891
18069
18337
17895
18075
18146
18310
18427
18564
18834
16141
15553
16636
16640
15842
15881
15628
17052
16053
17270
15652
15918
15758
15879
16813
16345
15387
15315
15705
15191
16280
15839
16274
15810
15115
15668
15056
15733
15794
16214
16038
15656
15310
16557
15468
16867
15653
16236
15284
16554
15423
15418
16215
17523
18321
16355
18045
16422
17730
17783
16889
16400
17537
16667
16168
19515
18608
17005
16892
16247
19106
15756
15870
18942
18197
17029
16697
17042
16014
18586
16200
19460
17542
15898
18057
15988
17060
16722
16306
17518
17679
18838
18494
19211
16873
16745
16780
17921
16641
16778
16702
16724
17702
17351
16780
16178
15986
16593
16383
16357
17463
17124
16305
17202
17711
15959
15972
16249
17089
16318
15974
15885
16348
16468
16154
15907
15745
15739
15401
16698
16582
16102
16339
16127
16559
16204
16614
15997
15484
15015
15799
14234
14937
14443
14698
15251
14655
15842
15108
14534
14939
14882
15558
15819
15676
14185
15980
14860
15448
14922
15583
14676
14997
14733
14570
15354
15465
15075
16314
15175
15062
15056
15514
15646
14434
15315
14810
15226
15264
15112
15102
15756
16627
15378
580
15521
16643
13477
14681
15844
15650
15821
15618
16400
17273
15796
15542
15366
16952
15388
14475
16435
16272
15856
15344
15729
15650
16422
15346
17035
15878
16318
16604
14854
15785
15683
15187
16169
16635
17314
16703
17434
15602
15312
16136
16788
15332
15409
15309
15198
16195
16545
15356
15279
14917
15312
15447
15145
16596
16281
15364
15739
16487
15383
15450
15280
16665
14933
16058
15536
16065
15491
15307
15155
15487
15058
15168
16042
16264
15299
15177
15679
15835
15286
15473
15758
15699
15475
15668
16450
15384
15223
14878
16204
15070
15671
15273
15704
15868
15418
16587
15812
15898
15485
17414
15410
17619
16768
17056
15229
15293
15424
15583
15228
17378
15486
17422
15439
14809
15487
15827
16658
15918
16778
16111
15490
15629
15758
16043
18242
19166
16244
18254
16255
17181
18027
15960
16005
16075
16224
15986
17729
17279
15990
16267
15354
17682
15418
14967
18127
18212
16341
16165
16689
15819
18905
16569
19590
16640
16457
18111
16588
16526
17335
16783
17759
18111
18309
18066
18004
16379
16208
15963
16501
16379
16144
16184
16332
16063
16859
15634
16123
16039
15760
15480
15878
16296
15958
17754
15846
16094
15796
15911
15332
16419
15572
15937
15979
15722
16165
16777
16080
18035
15405
16257
16448
17520
16793
16184
16075
16326
15640
17571
16597
15501
14969
15996
16076
15598
15573
16276
16075
15395
16580
15422
15504
15541
15879
16058
16272
16887
15615
15920
15321
17067
15300
17936
15724
15768
15832
15597
0
17104
15822
17480
16093
15924
15306
15385
17040
16587
19070
15581
16124
15976
17319
16778
16858
19374
16450
18089
17119
18179
18655
15538
16271
16611
17003
16637
18082
18205
16712
16321
16245
17638
16184
16267
18591
17589
16367
16071
15743
15482
17707
15772
18396
17138
15307
18139
16142
16073
17101
16165
18257
17452
17301
17522
17367
15838
16476
16193
16940
15605
15218
16141
15769
17526
16974
15797
16135
16119
15563
15644
15620
16167
15603
17773
15523
15570
15410
14984
15762
15955
15597
15593
15642
15118
15701
17765
15633
16344
15384
15283
16317
16887
15633
17080
15613
16346
15341
18571
15978
17346
16938
17584
16795
17332
17239
16635
17494
16818
17720
17054
17192
16469
17095
17365
17215
17084
16817
17455
16979
18042
16785
17284
16485
17164
17452
16954
17425
17954
16873
17555
17020
16830
18722
17491
18722
18154
18447
18041
17614
17234
17313
17647
19125
20448
17983
19472
18151
19802
19347
17924
17868
18462
17784
17582
19270
20069
18296
17232
17303
19368
17654
17438
19287
18491
17282
17329
18035
17196
19005
18049
20614
18246
16710
18471
17282
17575
18723
17371
18869
18605
18259
18110
15231
16984
17270
17495
17603
17067
17769
17038
18169
17650
17269
16644
17087
16874
17005
16230
17005
16897
17351
18822
16542
16325
16599
16202
16844
16284
16149
16205
16589
16185
17099
17917
16793
17968
16418
16720
16660
17815
17153
17427
17128
17381
16973
18054
17144
18539
18080
18382
18350
17466
18375
16740
18538
17551
18033
17835
18825
17885
17190
18293
18288
18728
17909
19791
18264
18988
18279
19089
17939
17680
17156
18224
17027
18237
17895
18339
17515
17025
17118
17264
18140
17511
17875
17133
16795
16841
17048
17827
18468
20867
17297
20265
17031
20056
19856
17177
17223
17913
17499
17090
20197
20167
16788
17961
16840
20275
17455
16839
20298
19629
16647
16534
16704
16041
20587
16707
21085
17046
16470
19391
16982
16446
19006
16408
17950
19835
18866
19536
0
16505
16351
16267
16868
14984
16511
15748
17019
16974
16696
16648
16244
16238
16326
16259
15876
16979
17233
19066
16881
16781
16378
16610
16949
17712
16173
17558
16716
18145
17727
19284
16874
19148
16975
17695
18364
19423
17007
17550
17065
18426
17230
19424
18355
16032
14745
16070
15601
15260
14967
15579
16015
14665
16177
14532
14445
14253
14785
14817
16202
15434
14790
15276
14681
15413
14983
14750
14283
14562
14721
14231
15025
14633
15199
15562
15231
14926
14712
14646
16107
14243
15761
14436
14812
14640
14793
15374
16020
15834
15225
16030
15044
16221
15838
14937
15037
16593
15044
14660
15542
16936
15964
15205
14922
15894
14337
15041
15645
16195
14951
15138
14740
14683
15305
15105
16097
15086
14519
15933
14421
14763
15401
14885
15515
16336
15920
15842
16998
15250
14883
15690
15568
15212
15165
13821
14565
16418
16427
14988
14652
14590
14667
14949
14309
15870
15921
14796
14880
15508
14703
14767
14975
15865
14598
15265
14619
15367
15436
15107
14348
15292
14809
14838
15645
15848
14508
14576
14774
15317
14497
14664
15281
14894
15999
16463
17341
15528
15009
15254
16286
16027
16590
15688
15627
15060
15158
16294
16634
16234
14984
16132
15381
16181
16152
16195
15167
15448
15218
15433
15947
15989
15713
16153
15556
15914
15902
15572
16301
14848
15988
15656
15161
15315
15878
15430
16373
17671
15623
17051
16503
17196
16052
15909
15967
16524
16573
15658
16211
17193
16588
16310
14792
16756
15745
15558
16897
16876
15507
15068
15110
15349
16877
15375
17238
14894
14385
16324
14800
15370
16141
15402
15975
15603
17123
16623
17302
15518
15102
15606
16407
15689
15669
15304
15340
16470
16215
15187
14895
15184
14969
15637
14983
16800
15825
15383
15493
16085
15833
15632
15168
16935
14918
15835
15002
15927
17032
15896
15844
15544
15288
14601
16094
16148
15494
14683
15691
16450
14614
15926
16306
16095
15525
15760
16570
14960
15045
14896
16305
14992
15967
15093
14504
15023
14422
15913
15411
15718
14661
15775
14168
17127
16339
16144
14906
14679
15342
15166
14950
15842
15032
15215
14646
14806
15207
14579
15916
14919
15094
14534
14407
14112
15305
14788
15709
16174
14934
15591
14934
15331
15944
14989
15076
15746
15802
15607
15702
16561
16040
16147
15521
15844
14328
15011
15927
15540
16015
15037
15437
14948
16247
15092
15849
15305
14721
15357
14891
15225
14856
15276
15905
16544
15868
15906
16068
15389
14943
15363
15821
15148
15466
14832
14684
15709
15739
15150
15163
14663
14747
13790
15024
15932
16030
15550
14858
16238
14944
15547
14658
16215
15465
15374
15233
15721
15532
15412
15078
16242
15500
15241
15311
15878
14606
15167
15273
15926
15209
15452
15747
16866
15708
15961
16161
15284
15454
15020
17036
15505
15473
15624
15595
15520
15164
16323
15978
16790
15287
16608
15492
16594
15862
16087
15304
15695
15563
15181
15742
15986
15174
15783
15126
14923
14880
15309
14796
15902
15573
15354
14949
14214
14762
14621
15407
16140
14800
15176
15094
15390
15250
14998
14951
15661
14891
14894
15591
16384
15863
15485
15311
15832
14885
15644
15998
16258
15455
15639
14802
15334
16590
15333
16462
14886
15523
16086
15295
14895
15062
15201
13901
15644
15881
16277
16792
15549
15193
15060
16391
15306
15231
15027
14991
16038
15789
15435
15189
14973
15545
15355
15307
16167
16624
15725
14859
16381
15594
15717
15361
17566
15710
16576
15688
16475
16565
15376
15591
15898
15782
15503
16723
16735
15308
14459
15053
16531
15934
15883
16846
16553
15232
15407
16621
14562
14590
14660
16122
14667
15610
15528
14436
14751
15035
16229
15316
16603
14782
16278
15596
17321
16805
16451
15550
15101
14997
14986
15209
15846
15649
16712
14509
14954
15099
14551
15404
14613
15660
14780
14701
14703
14746
15070
15920
17291
14890
15874
15065
15589
15141
14490
15111
15269
14589
15451
15401
15435
14642
14947
15431
16126
13740
14674
16197
15059
14544
15292
14693
14712
14933
14998
15976
14394
15046
15330
14790
14724
15191
14090
16166
14983
15006
15174
15625
14263
14543
13959
14495
15278
14311
14333
15601
14350
15320
14411
15037
14724
14630
14357
15194
15133
15177
16297
14621
14971
13722
14524
15242
15585
14447
15401
14590
15600
15684
15777
15019
15805
15234
15603
16123
16647
15016
14698
15068
16209
14826
16347
15854
15342
14600
14923
15501
14249
14051
14323
15391
14962
15034
14779
14563
13647
14466
15373
15295
15320
14853
16160
15529
16488
16310
16218
15006
14392
15305
14384
13913
15407
14386
15865
14265
14587
14340
14578
14952
14853
15220
14665
14454
14378
14694
14851
15751
15808
15113
15457
14595
14965
15521
14837
14972
14840
14150
14386
14888
15462
14892
15069
14573
15429
14690
14250
15826
14792
14264
14388
14429
13811
15021
14962
16376
14485
14539
14936
14350
14221
15291
14194
15227
15048
15080
14861
15238
14028
14098
14079
14087
14224
13966
14124
14271
13969
13789
13975
14178
14016
13371
13557
13801
13665
13957
15159
13985
14015
13996
13957
14222
14638
14365
14620
14526
15103
15253
15419
14926
15299
14259
14820
15881
16288
14651
14133
14389
15606
14618
15649
15356
15254
14528
14714
15892
15415
14998
15072
15667
14999
15066
14777
14972
14383
14760
15326
14622
15231
14617
16609
14608
16377
16114
15780
14891
13859
14784
14900
14696
15393
14733
15199
15267
14746
14702
15034
15788
15190
15845
14692
15076
14876
14422
15220
15900
16522
15109
16586
14836
16171
15801
14886
15062
15514
14795
15073
15927
15768
15314
14966
14772
16602
14832
15091
15687
15169
14923
14734
14986
14983
15642
15008
15996
14660
14564
15677
14878
14680
15993
14549
15495
15577
15250
15531
15300
14782
14646
14328
14353
14360
14640
13778
14672
14826
14732
14587
14549
14033
14548
14074
14230
14668
14752
15660
14235
15295
14060
13552
14335
15683
14726
14963
14609
14952
15651
15723
14644
15569
14649
14882
15527
16788
14571
14759
14552
15829
14456
15875
15588
16011
15553
16259
16415
13292
15258
15291
16728
15710
16684
16043
15656
15745
15589
15834
15982
16864
16065
16936
15730
17801
16908
16030
16102
15971
16269
16316
15482
17057
15855
17091
17787
15476
16016
16389
16949
16304
17188
15141
16129
16361
15666
16437
17127
18357
15734
17757
16008
16936
17202
15561
15746
16651
15928
15834
17674
18080
16659
16059
15417
17598
15946
16120
17561
16652
15844
15655
15904
15809
17258
16188
18329
16256
15806
16933
15465
15652
16866
15413
17005
17355
15933
17254
16526
15248
15797
14694
15666
15270
15959
15259
16299
15573
15420
15275
15979
15342
15445
15957
15056
15157
15347
17046
15376
14971
15311
14853
15774
15888
15246
15807
15166
15837
15825
16708
15784
16395
15360
15843
16508
16733
16109
15803
16118
16554
15556
16110
15943
16716
16533
16516
16773
16118
16131
15971
16840
16689
16513
15506
16552
16103
15689
16740
16809
17334
15646
17551
15977
17820
16923
16773
15548
15723
15570
15489
16184
16219
16027
16768
15269
15609
15605
15720
15638
16535
15920
15819
15979
15039
15141
15135
15695
15971
14771
15989
14781
16157
15591
15444
15453
15906
16108
15581
15880
16251
16404
16360
15396
15204
15478
15418
16075
15779
15630
15584
13767
15633
16226
16067
16539
15618
16216
16607
15891
15600
15604
15289
16184
16444
16288
16335
17156
15773
15225
15586
16650
16017
15851
15622
15541
16429
16819
15646
16104
16293
16154
15458
15487
17056
16770
16483
16472
16851
16216
16690
15979
18184
16354
17872
16437
16824
17047
16287
16180
16384
16347
16014
17546
17844
15793
15688
15946
17880
15400
16048
17351
19081
17602
18068
19104
17027
17053
16968
19491
17832
17383
17793
17040
16525
16600
18961
17434
19001
17249
18853
17278
19200
18727
18221
17732
16828
16630
17422
16151
18753
16671
18728
17039
16456
16401
16530
18046
17034
17448
17318
16588
17254
16704
16741
16531
16867
16028
16654
16261
16841
16829
16719
16660
16592
17022
16943
17064
17537
17200
17199
16787
16931
16957
16897
16901
17798
17635
17357
16486
16973
17545
16669
17584
16737
17358
18226
17322
16842
17386
17191
16940
17791
17117
17643
17889
16724
17430
16759
18090
16413
17002
17516
16805
17810
18436
17526
17170
17509
17646
17271
18085
17867
18351
17665
17101
18409
15528
17966
17319
19601
17844
19490
18777
19259
18743
17800
17789
18046
18587
18280
19395
19403
17783
17099
17473
20075
16808
18824
19942
21318
18654
19736
21183
17698
18553
18977
21752
17875
19060
19010
18166
18477
18404
21135
19811
21399
18245
20528
18957
21523
20361
20059
18582
18747
18729
18259
17389
18790
18470
17952
19852
18426
17848
17628
19026
18511
19244
17513
17841
18450
17791
17384
18846
18263
17614
17536
17092
18158
18349
18058
17248
18404
17686
16694
18183
19159
19408
19400
17769
17927
17706
17611
18568
18322
17771
18452
17451
18588
18050
18158
18102
17882
18290
18751
18409
18451
18795
18103
19154
18484
17864
18231
19575
17846
17699
17862
18691
17520
18551
17763
18267
18677
19881
18741
17608
17852
18922
18879
18322
19609
20248
18902
18993
21374
18451
19801
18714
21258
19394
20749
18551
20626
20354
19526
19210
19500
19000
18948
19929
21082
18530
17869
18321
20378
18708
19328
20854
21054
17937
17892
21062
17465
17111
17365
21513
17760
18315
17830
17080
17401
17094
20340
12622
21956
17717
20975
17477
19630
20619
17997
17501
16956
16754
16964
17229
17523
17001
18361
17133
16896
17742
17602
17351
17245
18105
17836
17295
17558
18161
18878
18082
19040
17586
18113
17778
19256
18769
17900
18241
19445
18173
18017
19283
19744
18217
18388
17769
19624
17832
17985
20202
19203
18612
17813
18164
17460
18697
18017
17504
18478
17339
18537
17599
17895
18062
18151
18058
20166
19061
19449
19995
18503
18116
19206
19802
18188
17793
17839
18015
19127
19309
18143
18341
17931
17559
18324
17377
19580
18339
18408
17809
18611
18139
17943
17832
21193
18267
21277
17738
21665
20712
18155
18370
18405
18024
18254
21331
20673
17496
17590
18299
21506
17590
18301
21291
21152
17777
18591
21296
17474
17642
18083
20817
18122
17863
17398
17709
17555
17750
21012
18475
20537
17959
20536
17893
21380
20705
18937
18308
17632
17656
17415
18234
18730
18181
18156
17931
17048
17890
17659
18788
17788
18651
18102
18345
17981
17879
18562
20147
20249
18676
19432
18402
19681
19776
17752
18770
19380
18935
18792
18318
19054
19295
18208
18441
18829
18032
18154
19241
18767
17834
18364
19179
17333
18256
17953
20098
18400
17235
18462
17196
18008
19643
17878
19196
18617
18022
18900
18438
17478
17871
18008
19108
17535
17590
17758
17893
17770
17308
17237
17549
17184
17263
18014
16996
16732
17402
18624
16800
16495
16872
17376
16972
20685
17163
20680
17115
20861
20382
18395
17310
18590
17044
18324
20938
20841
17680
17586
17228
20063
17295
18769
20163
19220
17518
17710
18802
17738
17731
17058
19379
17671
17743
17644
17160
17454
17525
18995
18254
18287
18635
19513
18200
22740
19340
20272
17893
17858
18150
17513
16865
18478
16995
18435
17240
17349
16867
17118
18458
16881
17819
17149
17132
16962
16459
17023
17897
17525
17694
16778
17323
16982
17123
17244
16242
18429
15988
16886
16391
18174
18483
17499
17040
16702
16325
17077
16972
16048
16505
17139
16269
16917
17306
17205
17485
16611
16963
16329
17096
16948
17872
16439
17198
16567
16240
16043
16462
16427
16185
16887
16083
16644
16424
16305
16779
16438
16691
16667
16679
16530
16195
16895
17624
17371
16988
18539
17464
18177
16844
17423
16964
18999
16862
18364
17508
18852
18182
18019
17825
18496
17388
17562
19134
20454
16989
17402
17616
19511
17651
18394
18808
19370
17345
17631
18924
17123
17016
16793
19378
17520
18215
17565
17036
17088
16844
19309
17631
19016
17176
18707
18646
19920
19378
18593
17816
16406
17370
14849
17185
17956
17348
17789
17192
16904
16868
16646
17827
17319
17850
16635
17226
17066
17098
16934
17217
17775
16358
17079
17189
17212
17136
16754
16407
16943
16155
16036
16924
17708
17219
17519
16536
18031
16866
17249
17040
16701
16356
17295
15985
17278
16708
16120
17829
16099
16343
16097
16334
15659
16083
15946
16796
16151
16642
16189
15840
15559
15979
16678
15991
15293
15592
16239
15883
16292
16156
16126
16328
15600
15824
15898
16555
16297
16642
17253
17341
17474
19598
16687
16322
17983
16297
17770
17156
18152
17579
17862
16819
18075
16746
17495
18453
19464
16454
16597
16430
18047
16564
17546
17908
17118
15679
16259
16842
15375
15711
15790
17027
15980
16101
15535
15579
15562
15946
16732
16541
16652
15919
17494
15789
18525
17292
16677
16415
16275
15465
15713
15529
17094
15340
16600
15811
15576
15806
15464
16590
15437
16567
15224
15530
15952
15115
15393
16362
16959
14686
16006
15676
15636
16133
15890
15247
15831
15380
15469
15842
16271
15726
15830
15772
15808
15181
15186
15746
15355
15196
14952
15549
15490
15345
15102
15790
14899
15685
15225
15505
15067
16011
15312
15973
15313
15051
15314
14829
14543
14831
14132
14454
15154
15184
14710
15258
14645
14880
14945
14350
14709
15092
15014
14870
15609
15446
15810
15215
15373
15344
15242
14997
16558
15441
16620
15090
12929
13826
16260
15659
16588
15722
16267
15890
18222
15601
15444
15156
16732
15388
16159
16554
