0.00026300628
0.00021993222
0.00022724399
0.00026842763
0.0002351865
0.00022776435
0.0002490485
0.0002569469
0.00022177276
0.0002339036
0.00021441627
0.0002344089
0.00023441085
0.00022723505
0.0002649813
0.0002262481
0.00025602657
0.00022412921
0.00026441578
0.00022306426
0.00025823596
0.00025565986
0.00023139337
0.00023160597
0.00023240899
0.00022671117
0.00022838793
0.00015543986
0.00022670314
0.000237255
0.00023218982
0.00023077858
0.00025849737
0.00023814061
0.00022886613
0.00023342663
0.00023612693
0.00023687514
0.00024106416
0.00023746656
0.00024171724
0.00023556384
0.0002461351
0.0002461219
0.0002801954
0.00023367126
0.0002679335
0.00023935654
0.00027453015
0.00027748902
0.0002354432
0.00023647977
0.00023870144
0.00023952409
0.00022721835
0.0002839332
0.00027568048
0.00023395308
0.00023728471
0.00023458911
0.0002762826
0.0002364805
0.00024126004
0.00027865745
0.00028255384
0.00022957091
0.00023228745
0.00023207939
0.00023621772
0.00027919715
0.00023202064
0.00027106956
0.0002340994
0.0002290524
0.000282576
0.00022437716
0.0002291378
0.00023217338
0.00023113805
0.00022799299
0.00028425662
0.000266767
0.00027555824
0.00027344987
0.00023615631
0.00021144933
0.00022757002
0.00023473472
0.00023283731
0.00022462966
0.00022904693
0.00023123887
0.00022613135
0.00022801766
0.00022964794
0.00023337275
0.0002284983
0.0002232409
0.00023389207
0.00023337905
0.00022537165
0.00022261385
0.0002247335
0.00023449403
0.0002245793
0.00023020977
0.0002230568
0.00022685468
0.0002562882
0.00022050235
0.00025444114
0.00022459328
0.0002573917
0.00026123182
0.00022005662
0.00022270215
0.00022346499
0.00022095394
0.00022199487
0.0002588658
0.0002540599
0.00022739545
0.00023053827
0.00022427835
0.0002637132
0.0002249516
0.00022857766
0.0002636856
0.00026225802
0.00023638329
0.00023182263
0.0002658369
0.00024426458
0.00024402741
0.0002518586
0.00023447761
0.00023971041
0.00024243581
0.00023831007
0.00024589695
0.00023866411
0.000242657
0.00026820108
0.00023310503
0.00026877946
0.00024483952
0.0002763901
0.00023660506
0.00027595367
0.00026846436
0.00023687565
0.00024574128
0.00024052804
0.00024268871
0.00023812598
0.00030997788
0.00024218182
0.00025681162
0.0002541616
0.00025080473
0.00024261192
0.0002557504
0.0002613156
0.00025877444
0.0002601368
0.00025071262
0.00025705798
0.00025138457
0.00024973834
0.0002477309
0.00024972289
0.00026023327
0.00031422495
0.0002504778
0.00030936036
0.00025124123
0.00030703048
0.0003147781
0.00028142714
0.0002546497
0.00025795973
0.0002512442
0.00025896114
0.00030698962
0.00030947136
0.0002537892
0.0002547398
0.00025060025
0.00030433046
0.00025636688
0.00025623798
0.00030377586
0.00031103977
0.0002589064
0.00024695334
0.0002458097
0.00026199516
0.0003019899
0.00026117323
0.0003087894
0.00024975647
0.00025240672
0.00030609942
0.00025104993
0.00025422336
0.0002488904
0.00025089577
0.0002594695
0.0003074851
0.00030938815
0.00030925032
0.00031067777
0.0002510938
0.00025253574
0.00025969715
0.00025640984
0.00025811786
0.00024977254
0.00024920737
0.00026443464
0.00025580762
0.00026326466
0.0002529872
0.00025424658
0.0002463745
0.00025183955
0.00025330912
0.0002442381
0.00025169482
0.00023600337
0.00025659977
0.0002308526
0.00025424463
0.00024318005
0.00024231277
0.00024733684
0.00026912784
0.00024717458
0.0002671051
0.0002387649
0.00026707182
0.00027696014
0.00024359554
0.0002431809
0.00023604406
0.00024012949
0.0002446579
0.00027165416
0.00027162407
0.00024383316
0.0002429377
0.0002461117
0.00026896456
0.00024324692
0.00025022513
0.00026968872
0.00028964685
0.0002544246
0.0002544581
0.0002922686
0.00026304254
0.00026286652
0.00027538816
0.00029903118
0.00025346963
0.000273522
0.0002580122
0.0002683532
0.0002538469
0.00026251122
0.00029720197
0.0002619862
0.00029375163
0.00025520948
0.00030026984
0.000255953
0.00029089994
0.00029197405
0.0002524684
0.0002506303
0.000257137
0.00025767094
0.00025755024
0.00026797544
0.00026228468
0.00026988573
0.0002683085
0.0002649913
0.0002642397
0.0002761526
0.000267462
0.00027213575
0.0002704389
0.00027056978
0.00026715096
0.0002840595
0.00027244192
0.00027698916
0.00027921257
0.00029133368
0.0003518758
0.0002787348
0.00034951375
0.00028613233
0.00035065482
0.00035261747
0.00026460172
0.00028271694
0.00028872336
0.00027455835
0.00027644978
0.0003503613
0.00033507467
0.0002625287
0.0002717428
0.00026937653
0.00034994434
0.0002713063
0.00027309675
0.0003416541
0.0003335161
0.00026989772
0.0002627811
0.0002797114
0.00026755405
0.0003438605
0.00027584686
0.00034323672
0.00028142042
0.00026038176
0.00034002837
0.00026548994
0.0002688063
0.00026155016
0.00026521814
0.0002676433
0.00034805722
0.00034313294
0.00033313315
0.00033216536
0.00027435645
0.00027701014
0.00027573775
0.0002813376
0.00026405926
0.00027337522
0.00026851826
0.00027833442
0.00027391053
0.00025375417
0.00027004894
0.00026344677
0.00026571177
0.00027041038
0.00025628746
0.00026880545
0.00025598038
0.0002593074
0.0002591191
0.00024973505
0.00025016614
0.00025139592
0.00024806362
0.00024882183
0.00028218492
0.0002569494
0.00028435976
0.00024794284
0.0002858593
0.00028612974
0.00025551816
0.00023879473
0.00024436918
0.00025549287
0.00024642763
0.00027991796
0.00027703747
0.00025481905
0.0002549948
0.00025543288
0.0002862194
0.00025178114
0.00026334313
0.00028781514
0.00028096148
0.00026723603
0.00026309147
0.00028406337
0.00028051678
0.0002763719
0.00027012505
0.00028447394
0.00027234602
0.00026168895
0.00026977737
0.00028006156
0.0002767644
0.00026557833
0.00029103408
0.0002738077
0.00028397367
0.0002777593
0.0002853643
0.00027202503
0.0002851853
0.00028999936
0.00027930713
0.00027629125
0.00027283226
0.00028054236
0.00028147793
0.0002579089
0.0002705684
0.0002683703
0.00027732275
0.00027427208
0.000273669
0.0002746461
0.00026920548
0.00026625485
0.0002683445
0.0002589135
0.00026480376
0.0002625902
0.00025931577
0.00025415883
0.00027212105
0.00027343893
0.00044410836
0.00027260944
0.00043357612
0.0002741355
0.00042324179
0.0004326673
0.00025411652
0.00027074767
0.00027321515
0.0002684603
0.00027071303
0.0004007047
0.00040856077
0.00025702018
0.00026194163
0.00026094343
0.00041724165
0.00025275946
0.0002746936
0.0004210125
0.00038716308
0.0002632334
0.0002627157
0.00026532772
0.0002662735
0.0004055794
0.0002606375
0.00038910058
0.00026271274
0.00027406262
0.00040475556
0.00027159718
0.0002617762
0.00025907412
0.0002628369
0.00026024145
0.0003965812
0.00039680448
0.00039242764
0.00037036705
0.0002772363
0.00026584283
0.000265275
0.00026708285
0.00025726698
0.00025824425
0.00026058735
0.00026097978
0.00025852065
0.00025485238
0.0002641518
0.00026021092
0.00026757538
0.00027172046
0.00026583945
0.00027399437
0.0002728383
1.1531231e-06
0.0002603914
0.00027034176
0.00026545368
0.0002727331
0.00026287802
0.00027502372
0.0002912332
0.00027288948
0.00029830975
0.00025334465
0.00029852914
0.00029481313
0.00026410504
0.0002788726
0.00026929317
0.00027910466
0.00027185905
0.00038340906
0.000289869
0.0002702499
0.00026917856
0.00027499266
0.0002854619
0.00027098553
0.00026526
0.0002931162
0.00029536855
0.00026593023
0.00027522055
0.00030822473
0.00027179747
0.00027067048
0.00026619234
0.00031700116
0.0002698302
0.00027014522
0.00026421633
0.0002670593
0.00026484198
0.00026667916
0.00030388392
0.000269042
0.0003021065
0.00026623625
0.00030070197
0.00026717692
0.0002974299
0.00030313496
0.00026542184
0.00027607442
0.00026625567
0.0002713654
0.00027525594
0.00026753818
0.00026330948
0.0002686388
0.00027283706
0.00027063602
0.0002766328
0.00026315008
0.00026196055
0.00026871572
0.00027354626
0.00027248793
0.0002632356
0.00026334912
0.0002668784
0.0002695547
0.00027724865
0.0002736015
0.00037551852
0.0002731673
0.00037083426
0.00027007266
0.00037710316
0.0003901792
0.00026483287
0.00026869625
0.00026682258
0.00026312307
0.00026620537
0.0003759594
0.00034896747
0.00026191332
0.00026857492
0.00025772396
0.00035523422
0.0002659924
0.00026648384
0.00037201942
0.00035482444
0.00027209954
0.0002757639
0.0002629144
0.0002595286
0.0003586528
0.00026005218
0.00034126895
0.00027025997
0.00026957414
0.0003479103
0.00027182655
0.0002618483
0.00025871422
0.00026138406
0.00026216728
0.00034651734
0.0003505938
0.00033806456
0.00034563203
0.00026769083
0.00026215287
0.00026598523
0.00026315168
0.0002492679
0.00026273043
0.00026360864
0.0002651844
0.00025449874
0.00026480184
0.00026160537
0.0002595393
0.00026198762
0.00026870723
0.0002800631
0.000275344
0.00026794116
0.00026685113
0.00026666676
0.0002666945
0.00025524138
0.0002664477
0.00026590758
0.00026764098
0.0003061853
0.00026589038
0.0003150649
0.00026940677
0.00030987762
0.0003012628
0.00027228793
0.00027043276
0.00027387968
0.00026858784
0.0002627092
0.00030826888
0.0003136859
0.00027125768
0.0002729301
0.00027081138
0.0003208795
0.0002678586
0.0002661606
0.00030332626
0.000281158
0.00025048226
0.00025820537
0.00027613746
0.0002623609
0.0002505778
0.0002614831
0.00027760625
0.00024166527
0.0002629775
0.0002568037
0.00026416604
0.00025030476
0.00025063983
0.00027359673
0.0002571453
0.00027927707
0.0002480023
0.00028488817
0.00025343872
0.00028710527
0.00028239153
0.00025870188
0.00024828425
0.00025699087
0.00025545145
0.00026214612
0.000265809
0.00026077448
0.00026291233
0.0002657697
0.00026368594
0.00026749365
0.00026438342
0.0002684587
0.00027198344
0.0002672527
0.000266363
0.00025814842
0.00026825035
0.00026690995
0.00027108748
0.00027779225
0.00027694518
0.0003294808
0.0002715726
0.00032416199
0.00027419563
0.00033356235
0.0003322845
0.00026349883
0.00027210673
0.00026856785
0.00026598756
0.00028002722
0.00032825966
0.0003310712
0.00026218552
0.00027035875
0.00026716155
0.00033404725
0.00027102488
0.00027160245
0.00032638674
0.00032478254
0.00026751973
0.00026906317
0.00026541785
0.00025119865
0.00032091458
0.00026013693
0.00033178483
0.00026961908
0.00026968046
0.0003264239
0.00025959814
0.00026423932
0.00027354923
0.00026775096
0.00027096624
0.00031879928
0.00032395497
0.00032299108
0.0003275802
0.00026137257
0.0002656819
0.0002660422
0.00026197277
0.00026514253
0.00026514626
0.00026528293
0.0002596045
0.0002632365
0.00026023286
0.00025717416
0.0002667424
0.00026454095
0.00024957437
0.00025525922
0.0002573391
0.0002559575
0.0002514714
0.00025881687
0.00025071335
0.00024522908
0.00025584773
0.00024774682
0.00025081757
0.00027234323
0.00024362109
0.0002741604
0.0002530472
0.00028164653
0.00027933254
0.00024914992
0.00025165497
0.00024765966
0.00024896147
0.00024049837
0.00028133663
0.00028842033
0.00024969396
0.00025230617
0.0002540886
0.0002784423
0.00025060482
0.00026566957
0.0002891474
0.00027182122
0.00023932174
0.0002349886
0.00027647047
0.0
0.00023846491
0.0
0.00027077936
0.00023444087
0.00024828006
0.00024153003
0.0002510147
0.00023676317
0.0002470602
0.00026596928
0.0002409612
0.00027057927
0.00024080375
0.00027284437
0.00022937568
0.00025990134
0.00027103018
0.00023388077
0.00023529476
0.00024201219
0.00023434756
0.00024073511
0.0
0.00023999877
0.0002453622
0.00024250965
0.000245481
0.00024360597
0.0002551615
0.00025552927
0.00025825296
0.00024901752
0.00024972975
0.0002587259
0.00025165518
0.00024569154
0.00025479504
0.0002528879
0.00025942601
0.00032130379
0.00025061582
0.00030516947
0.00025233152
0.0003100656
0.0003068923
0.00024696588
0.00025182177
0.00024788923
0.0002524678
0.0002553826
0.00031176623
0.00029837145
0.00025310117
0.0002527177
0.00024802156
0.00030462607
0.00025505043
0.00024576718
0.00030668016
0.00030262285
0.00024561185
0.00024831947
0.00023827878
0.00024285117
0.00029984378
0.00025885468
0.00029642828
0.00024064681
0.00023984649
0.0002925584
0.00024071582
0.00024091858
0.00024518647
0.00024542725
0.00024703352
0.00029442567
0.00029927384
0.0002939862
0.00029188007
0.00024065765
0.00024090047
0.00024381229
0.00024065658
0.0002479262
0.00024237664
0.00024498376
0.00024681975
0.00024078239
0.0002450514
0.00024259447
0.000245234
0.00024253647
0.00023691563
0.00024660266
0.00024397903
0.00024140275
0.00022978273
0.0002534359
0.00023173881
0.00022787871
0.00023679585
0.00023179049
0.00023531995
0.00026070987
0.00023003708
0.00027073565
0.00023295547
0.0002636488
0.00026675468
0.00023902807
0.00023207742
0.00023250635
0.00023614282
0.00022886941
0.0002568396
0.00026406482
0.00023788806
0.000247206
0.00023469243
0.0002664039
0.0002319857
0.0002416847
0.00026308667
0.00026339706
0.00022166046
0.00022829686
0.00025311502
0.00022585508
0.00022454839
0.00023390532
0.00026356842
0.00021132984
0.00022264362
0.00021878364
0.00022699148
0.00022534854
0.00021289849
0.00025336782
0.00022078081
0.00024823705
0.00022228814
0.00025892537
0.00022166446
0.0002481592
0.0002586802
0.00021897444
0.0002243522
0.00021815726
0.0002268051
0.00022303301
0.00023229847
0.00022094854
0.00022723005
0.00022803766
0.00023133628
0.00023795107
0.00022625882
0.00023902638
0.00023565984
0.00023599406
0.00023727375
0.00023885113
0.0002281906
0.0002324303
0.00022738866
0.00023555236
0.00023463642
0.00027296657
0.00024005563
0.00028049407
0.0002264291
0.00028199516
0.00026581678
0.00023015832
0.00023105487
0.00023224734
0.00022949847
0.00022866791
0.00025605634
0.00027230874
0.00023021057
0.00022897907
0.00023156231
0.00026913057
0.00022169747
0.00023263498
0.0002744894
0.00027258633
0.00023338007
0.00022435556
0.00022534427
0.00022782448
0.00027319335
0.00022983346
0.0002700845
0.00023110071
0.00022722674
0.00027203417
0.0002218424
0.00023433947
0.00022907353
0.00021886965
0.00022818106
0.00027016812
0.00027449982
0.0002697238
0.00028143922
0.00023511388
0.0002276563
0.00023360785
0.00022631366
0.00022338858
0.0002232198
0.00022612828
0.00022376617
0.00022888396
0.00022870027
0.00022805022
0.00023050353
0.00022152966
0.00022501893
0.00022048522
0.00023471053
0.0002205712
0.00022070057
0.00023058783
0.000219343
0.0002196594
0.00022330556
0.00022117433
0.00021408372
0.00024994332
0.0002139661
0.00024897224
0.00021578188
0.00025160072
0.00024705226
0.00022222464
0.0002217866
0.00022324095
0.0002251918
0.00021696828
0.00024897538
0.000254506
0.00022497807
0.0002310617
0.00022066693
0.00024599512
0.00022537562
0.00022821472
0.0002568173
0.0002933792
0.00023589388
0.000224521
0.00029171104
0.0002272011
0.0002284963
0.00023284245
0.00028933864
0.00022578913
0.00022672454
0.00023672881
0.00022769909
0.00022995706
0.0002273317
0.00029514486
0.00022975219
0.00028709995
0.00022864684
0.00029064986
0.00023723042
0.00029881086
0.00028656574
0.00023134612
0.000238593
0.00022101091
0.00023382789
0.00022234344
0.00023184106
0.00022480481
0.00022946189
0.00023422649
0.00023112996
0.00022877229
0.00023832663
0.00023058528
0.00023245599
0.00022126638
0.00022643099
0.00023802869
0.00023047182
0.00022645154
0.00023343074
0.00021750928
0.00022434501
0.00024375685
0.00022547235
0.00022717475
0.00022348591
0.000246204
0.00024189227
0.00022877427
0.00022069627
0.00022576275
0.00021907799
0.00022322472
0.00024079495
0.00023201448
0.00022311749
0.00023520613
0.00022027375
0.00024159193
0.00022593694
0.00023028681
0.00024049426
0.0002366157
0.00021399572
0.00021992797
0.00022113495
0.0002185473
0.00024151885
0.00022337594
0.00023459253
0.00021964779
0.00022836895
0.00022941642
0.00022194457
0.00021893781
0.0002170184
0.00022108237
0.00021639351
0.00024151546
0.00023383656
0.00023902103
0.00023965859
0.00020801087
0.00021301459
0.00021155491
0.00021191902
0.0002241813
0.00021383696
0.00021643616
0.00022202243
0.0002196673
0.0002201789
0.00021830529
0.00023021904
0.00021771924
0.00021790707
0.00021710669
0.00022307712
0.00022178722
0.00022190972
0.00021623867
0.00021847525
0.0002223045
0.0002125266
0.00022163236
0.00022181541
0.00026886494
0.00022399706
0.0002799506
0.00022316132
0.00027984616
0.00027425797
0.00021983818
0.00022479982
0.00022284988
0.00022863441
0.00022457201
0.00028183096
0.00027749717
0.00022292907
0.00022427301
0.00021809345
0.0002856565
0.00022438494
0.00022453512
0.0002872821
0.00027081897
0.00021582293
0.00021945557
0.00026005012
0.00021784505
0.00022140976
0.00022444662
0.0002762294
0.00021796119
0.00021769763
0.00021949358
0.0002238861
0.0002161337
0.00021353296
0.00027292414
0.00021568003
0.00026679912
0.00021565499
0.00027660173
0.00021499107
0.00027672923
0.00027827674
0.00021648835
0.0002206578
0.00021018177
0.00021296264
0.00022185217
0.00021548836
0.00021926404
0.00022488808
0.00022974199
0.0002175507
0.00021811208
0.00022083649
0.00022051264
0.00021956251
0.00022448524
0.00022019347
0.00021946413
0.00022226016
0.000221023
0.00022236585
0.00022286168
0.00021919845
0.00023992591
0.0002165693
0.0002364126
0.00021770514
0.00023721311
0.00024269665
0.00021967595
0.0002150346
0.00022120491
0.00021241549
0.00020882997
0.00023620183
0.0002309336
0.00021426854
0.00021868554
0.00021705058
0.00023406564
0.00021011116
0.0002211542
0.00024043757
0.00024568773
0.00021231566
0.00022222346
0.00021104564
0.00022358587
0.00023481561
0.00022096543
0.00023576667
0.00021604021
0.00022678576
0.00024294645
0.0002205257
0.00021921334
0.00021934455
0.00021190583
0.00020842416
0.00024007437
0.00023819873
0.00023908964
0.00023863101
0.00021794304
0.00021421161
0.00021829442
0.00021218893
0.00021971938
0.00020983095
0.00021492693
0.00022242287
0.0002167168
0.00021579895
0.0002125871
0.0002258913
0.00022457838
0.00021889269
0.00021732041
0.00022207723
0.0002117735
0.0002136881
0.00023036779
0.00021267074
0.00021221748
0.00021926862
0.00021697272
0.00021179582
0.0002556264
0.00021805147
0.00025594048
0.00021151127
0.00026403397
0.00026340687
0.00021880328
0.00022802026
0.00022238801
0.00020826305
0.00021295817
0.00027321096
0.0002702313
0.00022023599
0.00021915468
0.00021766708
0.00027052028
0.00021957471
0.00020846874
0.0002692154
0.0002736064
0.0002089032
0.00021420004
0.00026795393
0.00021366973
0.00022015607
0.00022454331
0.00026674604
0.00021575301
0.0002207399
0.00021699312
0.00022117351
0.0002218228
0.00021416359
0.0002702544
0.00022224375
0.00026526643
0.00021533213
0.00026451444
0.00021635182
0.0002694321
0.00028112793
0.00021644718
0.00022094307
0.00022345506
0.0002146569
0.00022214117
0.00022594605
0.00022601552
0.00022861687
0.00022592
0.00021988155
0.00022574741
0.00021804417
0.00022223129
0.0002271058
0.00022071633
0.0002232823
0.00022080631
0.00022479656
0.00022293416
0.00022630832
0.00022068247
0.00022012851
0.00024104604
0.00021523329
0.0002405499
0.00021438276
0.00023774765
0.0002462752
0.00021553745
0.00022085867
0.00020980582
0.00021477265
0.00021925515
0.00024488565
0.00024305852
0.00022244775
0.00022550666
0.00021659385
0.00024780678
0.00022061568
0.00021403549
0.0002458908
0.0002472125
0.00021396586
0.00021796847
0.00021285615
0.00021560234
0.00024149021
0.00022305138
0.0002413871
0.00021453688
0.00022125397
0.00024433978
0.00021897005
0.00021688567
0.0002177817
0.00021244101
0.00021736522
0.00025045878
0.00024914648
0.00024859546
0.00023699475
0.0002155788
0.00021437075
0.00021686371
0.00021217327
0.00021330496
0.00020970756
0.00021204102
0.00021905951
0.00021192984
0.00021079529
0.00021579831
0.00022207748
0.00022031018
0.00022415747
0.00021727268
0.00022070893
0.00021930134
0.0002167672
0.00021747756
0.00021443944
0.00021230581
0.0002202293
0.0002090234
0.0002157259
0.00025411023
0.00021584812
0.00025880767
0.00021797503
0.00025260344
0.00026121107
0.00021351331
0.00021383226
0.0002172803
0.00021652677
0.00021471092
0.00025464126
0.00025201967
0.00021875603
0.00021981267
0.00021404201
0.0002616909
0.00021223418
0.00021677803
0.00025677824
0.00025793415
0.00022135426
0.00021867358
0.00025746148
0.00022398321
0.0002175136
0.00022192494
0.00025640268
0.00021287022
0.00022627872
0.00021892144
0.0002199752
0.00022147542
0.00022382541
0.00026646894
0.0002133317
0.00026356487
0.00021809245
0.0002676428
0.00020879331
0.00026647036
0.00026595037
0.00022146516
0.00021556945
0.00021284375
0.00022088982
0.0002230836
0.00022414366
0.00021727565
0.00022199056
0.00022509597
0.00022298066
0.00022072294
0.00023048879
0.00023267505
0.00022775872
0.00022024199
0.0002245596
0.00021218436
0.00022675708
0.00022321352
0.00022060469
0.00021977858
0.00022284742
0.0002601516
0.00022733206
0.00025734486
0.00022428129
0.00024871758
0.00025822237
0.00022560502
0.00022607988
0.00022595048
0.00022739494
0.00022726986
0.00025405362
0.0002456559
0.00022260104
0.00021973671
0.00022653781
0.0002534273
0.00022436638
0.00022611624
0.00026040184
0.0002510294
0.00021888077
0.00021962528
0.00022428934
0.00022772785
0.00025564388
0.0002168663
0.00025383223
0.00022280066
0.00022037931
0.0002497607
0.00021399657
0.00022109681
0.00021927174
0.00021948262
0.00022691768
0.00025606222
0.00025429294
0.0002488971
0.00025423183
0.00021548658
0.00022294772
0.00022469427
0.00022132801
0.0002241694
0.00021913784
0.00022424989
0.00021766615
0.00021231246
0.00022253438
0.00022554286
0.00022197406
0.0002138058
0.00022074397
0.00021570506
0.0002230751
0.00021862083
0.00021777108
0.00022045354
0.00021718432
0.00022463828
0.00021351059
0.00021387459
0.00022620395
0.00025552345
0.00021100554
0.0002549978
0.00021582199
0.00024560242
0.00025538064
0.00021553854
0.0002157286
0.00021715458
0.00021487087
0.0002181548
0.0002489646
0.00025473238
0.00021292486
0.00021842768
0.00021587287
0.00025571798
0.0002127363
0.000212978
0.0002534929
0.00025302594
0.00021424923
0.00021617737
0.0002470738
0.00021604395
0.00021528282
0.00021887955
0.00024145801
0.00020983643
0.00021719825
0.00020953671
0.00021950157
0.00020841893
0.00021099148
0.00024625176
0.00021471639
0.00024358626
0.00021537217
0.00024745188
0.0002174913
0.0002540065
0.00025310414
0.00021634805
0.00021626473
0.00021423322
0.00021253154
0.0002119347
0.00021763516
0.00021383664
0.00021992062
0.00021456594
0.00021287748
0.00022089634
0.00021847824
0.00022413726
0.00022120126
0.0002224309
0.00021994168
0.0002388934
0.00022571774
0.00021814441
0.00022156019
0.00021751512
0.00022098288
0.00024433146
0.00022142589
0.000250098
0.00022017624
0.00025210564
0.00025013604
0.00021794347
0.00021425704
0.00021779114
0.00021730628
0.00021787298
0.00024414193
0.00024799735
0.00022054765
0.00022293713
0.00021688276
0.00025050977
0.00021887681
0.00021273288
0.00024697953
0.00025219147
0.00021867182
0.00022193126
0.00021980381
0.00022394891
0.00025622518
0.00021506588
0.00024564657
0.00021339634
0.00021494042
0.00024663145
0.00021423401
0.00020974083
0.00021402322
0.0002150469
0.00021558283
0.00023936486
0.00024898702
0.0002464369
0.00024413149
0.00021500769
0.00021644248
0.0002146883
0.00022199129
0.0002127863
0.0002224276
0.0002189998
0.00021639807
0.00021458189
0.00021667588
0.00022078904
0.00021816132
0.00021652589
0.00021169223
0.00021060217
0.0002112676
0.00022185255
0.00021169736
0.00021905176
0.00020914705
0.00020757507
0.00021154484
0.0002093338
0.00022162513
0.0002336701
0.00020827058
0.00023884616
0.00020722345
0.00024362307
0.0002357095
0.00021201416
0.00021307664
0.00021169655
0.00021118039
0.00021306488
0.00024085258
0.00023692206
0.00021451431
0.00021854967
0.00021834983
0.00024411248
0.00021397589
0.0002166534
0.00024306467
0.00025814745
0.0002142053
0.00021732517
0.00025829644
0.00022003237
0.00021374125
0.00022429672
0.00025114985
0.00022006677
0.00020874594
0.0002128144
0.00022877572
0.00021926868
0.00020687183
0.00025942826
0.00021555818
0.0002525103
0.00021583008
0.00025089778
0.00021039114
0.00025349532
0.00025660815
0.00021370938
0.00021208446
0.00021501615
0.00021384492
0.00021640738
0.00022042102
0.00021952277
0.00021639052
0.00021126297
0.00022601192
0.00021058528
0.0002291494
0.00022238433
0.0002147743
0.0002192836
0.00021857588
0.0002190596
0.00021785595
0.00020960161
0.000212991
0.00021914685
0.00021449148
0.0002471554
0.00021418183
0.0002455287
0.00021235384
0.0002449347
0.00024648546
0.00021283134
0.0002205588
0.00021540232
0.00021686772
0.0002135093
0.00024780835
0.0002418068
0.00021797704
0.00021145162
0.00022414683
0.00024695217
0.0002207135
0.00021897811
0.00024151045
0.0002526294
0.00021626723
0.0002141036
0.0002074883
0.00021098444
0.00025066696
0.00021681946
0.00024178233
0.00020634514
0.00021890733
0.00024849194
0.00021634677
0.00020990874
0.0002128021
0.0002116772
0.0002058632
0.00023991514
0.00024239189
0.00024107103
0.00023946774
0.00021566679
0.00021202097
0.00021177877
0.00021133003
0.00021403593
0.00020962379
0.00020729743
0.00021680865
0.00020447547
0.00021439369
0.00021476962
0.00021990569
0.00021133537
0.0002136426
0.00021616089
0.00021414469
0.00021218059
0.00021379492
0.00021476735
0.00021173545
0.00020871684
0.0002186499
0.000205455
0.00020296102
0.00024398878
0.00020601568
0.00024884625
0.00020941201
0.0002378393
0.00024482902
0.00020928346
0.00021404299
0.0002098273
0.00020708893
0.00020761142
0.00024330863
0.0002452303
0.0002119637
0.0002167489
0.00020743794
0.00025106175
0.00021139854
0.00020590045
0.00024107212
0.0002584527
0.00021455494
0.00021657
0.0002530069
0.0002154298
0.0002187346
0.00021195601
0.00025805924
0.00021312205
0.00021272244
0.00020860754
0.00021588989
0.00021801487
0.00021738002
0.00025639372
0.00020936123
0.0002542223
0.00021857626
0.00026147868
0.0002171207
0.00025641394
0.00026026642
0.00022062371
0.00021430357
0.00021426474
0.00020957984
0.00021486181
0.00021970895
0.00021722734
0.00021838045
0.00021615814
0.00021373507
0.00021820383
0.00021484467
0.00021852092
0.00021683323
0.00022217057
0.00021499232
0.00021501744
0.00021655558
0.00021152901
0.00021587183
0.00021593875
0.00021624331
0.00022885327
0.00020906702
0.0002463775
0.00021280095
0.0002408841
0.0002480884
0.0002152695
0.00020866266
0.00021369947
0.00021445157
0.00021099592
0.00024716547
0.00024540816
0.00021722025
0.00022307344
0.00021661182
0.00024520437
0.00022328454
0.00022302495
0.00024707586
0.00023832277
0.00021314519
0.00021832222
0.00021351516
0.00022002263
0.00023326972
0.0002122272
0.00023256098
0.00020192434
0.00022018282
0.0002349689
0.00020948972
0.00020748982
0.00021703039
0.00021130164
0.00021010017
0.00024130807
0.00024282033
0.0002447423
0.00023286784
0.00020426659
0.00021304419
0.00020907803
0.00020186945
0.00021323143
0.00021590527
0.00021130784
0.00021010441
0.00021217692
0.00020719966
0.0002117563
0.0002185337
0.00021404814
0.00020901562
0.00020593432
0.0002074409
0.00021709701
0.00021195055
0.00021390877
0.00020846359
0.00020630477
0.00021178272
0.00021174477
0.00021003827
0.00024810084
0.00020692903
0.00024595016
0.0002084359
0.00024626713
0.00024908764
0.0002079628
0.00020516849
0.00021479226
0.00020445445
0.00020908464
0.00024644806
0.00024634117
0.00020893558
0.00021503298
0.0002074688
0.00024525475
0.00021049549
0.00021020291
0.0002460894
0.00027159142
0.00022244266
0.00022297665
0.00026967484
0.00022335269
0.00022237888
0.0002274905
0.0002694209
0.00022147625
0.00022099816
0.00022959885
0.00021820441
0.00021543888
0.0002220141
0.00027478486
0.00022250584
0.0002658014
0.00022615152
0.00027794787
0.00021580994
0.00027050322
0.00026981154
0.00022082329
0.00022965469
0.00022229795
0.00022409736
0.00021612878
0.00022718908
0.00022571192
0.0002291522
0.00021636196
0.00021811947
0.00022558257
0.00022439794
0.00022381017
0.00021841055
0.00023001118
0.00021925938
0.0002191574
0.00022217247
0.00021087856
0.00021970343
0.00021874996
0.00021553469
0.00023920764
0.00021976334
0.00022965307
0.00022233497
0.00024124117
0.00024026258
0.00021971841
0.00021807129
0.00021204313
0.00021542753
0.00021036039
0.00023489975
0.00023390663
0.00022181094
0.00021814521
0.00021635018
0.00023611603
0.00021994344
0.00022966899
0.00024142377
0.0002448162
0.00021624383
0.00021928025
0.00021185992
0.00021822168
0.00024337483
0.00021979418
0.00023597518
0.00020991267
0.00022148684
0.00024001334
0.00021620201
0.00021582021
0.00022000716
0.00022171543
0.00021483975
0.0002434223
0.00024390209
0.0002350953
0.0002369906
0.00021194134
0.00022148475
0.00021146484
0.00020653526
0.00021821911
0.00022332923
0.00021774242
0.0002254519
0.00021921992
0.00021953305
0.00021841163
0.00021783743
0.00021712967
0.00022106415
0.00022392247
0.00021934656
0.00021900989
0.0002205604
0.00021648846
0.00022502932
0.00021819731
0.00022051399
0.00021959071
0.00021202398
0.00026033257
0.00021913047
0.00025872348
0.00021922038
0.00025763747
0.00026337305
0.00022557491
0.00022282783
0.0002246373
0.00022410911
0.00021424101
0.00026363728
0.0002626804
0.00021555761
0.00021994939
0.00022164072
0.00026701097
0.00021723469
0.00022064219
0.00026237557
0.00040222323
0.00022742123
0.00021926279
0.00038497066
0.00022584424
0.0002222772
0.00022430076
0.00036135604
0.00022997563
0.00021784651
0.00021984849
0.00021875792
0.00021851715
0.00021083721
0.0003923543
0.00022116739
0.00041829442
0.00022823461
0.00042958176
0.00022332693
0.00043659864
0.000463868
0.00022439152
0.00022783945
0.00021494091
0.00021497875
0.00020579332
0.00022627918
0.0002176619
0.00021654717
0.00022177337
0.00022708536
0.00023178558
0.00022814756
0.00022369239
0.00022563232
0.00022896341
0.00023126506
0.00021912801
0.00022988925
0.00022733751
0.00022567985
0.00023260464
0.00023043163
0.00024326757
0.0002373783
0.0002379769
0.00023259116
0.00023799101
0.0002455327
0.0002333975
0.00022579434
0.00023104626
0.00023267814
0.00023136051
0.00023781738
0.00023720281
0.0002346207
0.00022517792
0.00023941758
0.00023871919
0.00023161426
0.00022766062
0.00023807793
0.00025002303
0.00023998476
0.00023807466
0.00023106269
0.0002335803
0.00025211714
0.00023140841
0.00023823223
0.0002367553
0.00022379844
0.00024309405
0.00022109933
0.00023430333
0.00023858507
0.00023544425
0.00023473076
0.00025216182
0.00024756382
0.0002499016
0.00023870228
0.00022151439
0.00023604129
0.00023294943
0.00023127787
0.00023137659
0.00023728627
0.00022792359
0.00023598538
0.00023454087
0.00022927183
0.00023213841
0.00023621188
0.00023473943
0.00022642706
0.00021830972
0.00022156193
0.00022110963
0.00021900135
0.00024393672
0.0002182642
0.00021731053
0.00021761029
0.00022199299
0.00022478431
0.0003176888
0.00022649053
0.000335899
0.00023016045
0.00034892408
0.0003641711
0.00021460137
0.0002187782
0.00022318675
0.00022363414
0.00021971634
0.00037787922
0.00038017373
0.00022457178
0.00022488956
0.0002202647
0.0003794316
0.00021833995
0.00022265821
0.00036478974
0.00034938578
0.00025791183
0.00026367395
0.00035261453
0.00027339993
0.00026280215
0.00027991828
0.0003519787
0.00026623358
0.0002745649
0.00025983184
0.0002703356
0.00025520072
0.00025603932
0.00034687037
0.000272037
0.0003467854
0.00026954222
0.00036073787
0.00027733142
0.00035317126
0.0003465356
0.00026795547
0.00026686757
0.00026051956
0.0002588279
0.000261149
0.00026194283
0.0002599452
0.00026521296
0.00026800943
0.0002747574
0.00027391882
0.00027036542
0.00026982382
0.0002696049
0.00027050023
0.00026173092
0.00026679263
0.00027230356
0.00026273818
0.000262701
0.00026667805
0.00026363225
0.00026486977
0.00025818142
0.00025750228
0.00024957999
0.00027451545
0.00027579363
0.00026314802
0.00025380752
0.00024653517
0.0002611507
0.00026321784
0.00027393267
0.00026659394
0.00026492376
0.00027602355
0.0002663326
0.0002654949
0.00026368027
0.0002706029
0.0002686059
0.0002640604
0.00026199195
0.00026931672
0.00026065545
0.00025977354
0.00026534917
0.00026422678
0.00027195888
0.0002596313
0.0002681002
0.000266166
0.00026772142
0.00026490982
0.00025935264
0.0002664416
0.0002573127
0.00027047936
0.00027309946
0.00025952223
0.00027620373
0.00025073544
0.00025208446
0.00025171717
0.00025589127
0.00026510126
0.00026059346
0.00026210246
0.00027779656
0.00026291565
0.00027338447
0.0002649805
0.00026820166
0.00026859462
0.00025432918
0.00027672944
0.00027269308
0.0002643179
0.00026397317
0.00026556826
0.0002660791
0.00025724966
0.00025173288
0.00027202294
0.00026542568
0.00032405622
0.00026467026
0.0003230204
0.00026862088
0.00034794875
0.0003325866
0.00026045024
0.00026230558
0.00026929769
0.00026253157
0.0002617413
0.0003396752
0.0003399357
0.00026465958
0.0002751972
0.0002642252
0.0003357157
0.000266695
0.00027054382
0.00033391328
0.00033578472
0.00026017582
0.00024796012
0.00033050863
0.0002557102
0.00025099167
0.00024256909
0.0003290826
0.00026135118
0.00025209656
0.00025586635
0.0002473381
0.00024874677
0.00024885993
0.00034273733
0.00026134102
0.00034576238
0.0002634335
0.000341286
0.0002627395
0.00035063043
0.00035139962
0.0002601416
0.00025375534
0.00024970085
0.00025008927
0.0002460801
0.00024113795
0.0002515265
0.00025067604
0.00024905876
0.0002554018
0.00024241845
0.0002466349
0.00024985537
0.00024077726
0.00024785672
0.00024354106
0.00024821027
0.00023359658
0.00024288065
0.00024305112
0.00024230672
0.00023680537
0.0002379616
0.00023714342
0.0002468643
0.00023908821
0.00024651515
0.00024555635
0.00024024688
0.00023600714
0.00023662443
0.00023347879
0.00023142228
0.00024251713
0.00023864937
0.00023849375
0.00024282403
0.00023627312
0.00024317023
0.000244566
0.0002495319
0.00024440372
0.00024401434
0.00023413585
0.00023573959
0.00023689885
0.00024049434
0.00025079146
0.00023831877
0.00024390084
0.00023720473
0.00024757645
0.00023775981
0.00024048885
0.00023775842
0.00024207651
0.0002325095
0.00023624065
0.00025169156
0.00024483932
0.00024817564
0.00024686748
0.00023460838
0.00023627187
0.00023128481
0.00022541899
0.00024162329
0.00023059837
0.00022739643
0.00024596186
0.00024234396
0.00023640576
0.00024169686
0.00023414331
0.00024448763
0.00024477852
0.00024573464
0.00024568755
0.00023969046
0.00024769956
0.00025112633
0.0002473562
0.0002522303
0.0002486601
0.00024767817
0.00024617222
0.00031512944
0.00025130177
0.00032846845
0.00025625288
0.00032353392
0.00032207838
0.0002521666
0.00025658705
0.00025581324
0.00026648075
0.00026351408
0.0003269744
0.00033478934
0.00024609786
0.00024055783
0.00024604544
0.00032600132
0.00025114737
0.000251579
0.00033245794
0.00031109017
0.0002456019
0.00023629701
0.00031114038
0.00023611773
0.00022868133
0.00023663066
0.0003040951
0.00024098628
0.00023086391
0.00023837735
0.00023020449
0.00023117072
0.00023570153
0.00031391077
0.00023010361
0.00030747414
0.00024631355
0.0003092358
0.0002473086
0.0003196299
0.00031685331
0.00023785532
0.00022929051
0.00023956152
0.00023860512
0.0002448338
0.00023195245
0.00023126109
0.00023476218
0.0002345183
0.00023945271
0.00023552855
0.00022932923
0.00023455545
0.00023301001
0.00023238975
0.00023437651
0.00023983198
0.00023094777
0.00023059244
0.00023881697
0.00022463346
0.00022757685
0.00023892787
0.00022508211
0.00023834866
0.00023278793
0.00023437191
0.00023946774
0.00023650122
0.00022199273
0.0002286036
0.00022438835
0.00023412508
0.00023246492
0.0002358621
0.00022818464
0.00022722362
0.00023467005
0.0002382617
0.00022791701
0.00023226377
0.0002365011
0.00024354324
0.00022344524
0.00023172206
0.00022522891
0.00023631318
0.00024485576
0.00022894175
0.00024793512
0.00022853017
0.00023726282
0.00023749513
0.00023227355
0.00022589047
0.00022759156
0.00022984733
0.00022512994
0.00024587833
0.00023921934
0.00024519977
0.00025193067
0.00022733377
0.00022079574
0.00022440882
0.0002227577
0.00022286162
0.00022872888
0.00022274729
0.00023517589
0.00022903588
0.00023248866
0.00023375728
0.00023881617
0.00023364602
0.00022274264
0.00023642993
0.00023284771
0.00024019161
0.00022972478
0.00023210967
0.0002377306
0.00023818319
0.00023062187
0.00024299145
0.00023032803
0.00029330453
0.000231983
0.00028854315
0.00023686544
0.00029620243
0.00029474616
0.00023113229
0.00023541154
0.00023564599
0.00024629678
0.00023402268
0.00029520094
0.0002964897
0.00023882667
0.00023324811
0.00023013199
0.0002943129
0.0002389229
0.00023485899
0.00029861517
0.000297021
0.00023790506
0.00023581412
0.00028962505
0.00022844903
0.00023559619
0.00023668232
0.00028360778
0.00023966341
0.00023362183
0.00022707439
0.00023656136
0.00023441785
0.00023278731
0.00028978084
0.00023392205
0.00029177603
0.00023495355
0.00029538086
0.00023331838
0.00028216653
0.00030622058
0.00023695707
0.00023101074
0.000222502
0.0002413642
0.00024223694
0.00023302143
0.00023694437
0.00022991703
0.00022990296
0.00024079884
0.00023774161
0.0002315145
0.00023037854
0.00023357921
0.00023688038
0.00023067335
0.00023921434
0.00022890433
0.00023195056
0.00023326774
0.00022488028
0.00022978682
0.00024809092
0.00022401744
0.0002523057
0.0002316099
0.000246767
0.00024558767
0.00022508149
0.00022967452
0.0002182465
0.00022524744
0.00023095215
0.00023936431
0.0002416619
0.00023187658
0.00022741377
0.00022856805
0.000250142
0.00023639607
0.00022967816
0.00024506118
0.00024201375
0.00021400077
0.00022671443
0.00022306615
0.00022958362
0.00025292017
0.00021941468
0.0002517162
0.00022108798
0.00023303462
0.00025056492
0.00022303169
0.00021973767
0.00022461334
0.0002197682
0.00022240714
0.0002469717
0.00025338057
0.0002479293
0.00024522762
0.0002224126
0.00021908127
0.00021525763
0.0002181389
0.00022039749
0.00022053516
0.00021744374
0.00022729272
0.000223838
0.00022089586
0.0002213604
0.0002249437
0.00022618548
0.00022834672
0.00023158261
0.00022350415
0.00022585344
0.00022438583
0.00022728083
0.0002273932
0.00022426205
0.0002309606
0.0002198124
0.00022376512
0.00027556723
0.00022506154
0.0002673442
0.00023078763
0.00026587927
0.00027336963
0.00022661667
0.00022815
0.00022873272
0.00022718968
0.00022775528
0.0002749906
0.00027561968
0.00022908417
0.00022932421
0.0002255921
0.0002840331
0.00022434146
0.00022530845
0.0002763862
0.0003113439
0.00025166714
0.00024673488
0.00030947322
0.00024591433
0.00024500448
0.00023720338
0.00030642492
0.00024887093
0.00024844773
0.00024864005
0.00024387229
0.00023992608
0.00024607233
0.00030627594
0.0002539488
0.00031246262
0.00025243836
0.0003130859
0.00024606977
0.0003097091
0.00031811878
0.0002537127
0.00025294922
0.0002451427
0.00024572547
0.00024215656
0.00024349755
0.0002477895
0.00024340244
0.0002460542
0.00024228072
0.00024752243
0.00024295312
0.00024227885
0.0002501052
0.00023888108
0.00024041982
0.00023759514
0.00024004876
0.00023828399
0.00024211293
0.00023147165
0.00024007409
0.00024400637
0.00022826502
0.00024503883
0.00022999843
0.0002448125
0.00025232157
0.00023018305
0.0002278166
0.0002294845
0.00022894958
0.00022942503
0.00023610337
0.00024286968
0.00023929818
0.00023588081
0.0002332937
0.0002466475
0.00023127584
0.00023587834
0.00024507198
0.0002573261
0.00022624499
0.00025046678
0.00022883026
0.0002480728
0.00024630115
0.0002329714
0.0002503694
0.00022757007
0.0
0.00025538023
0.00023635798
0.00023434659
0.00023528142
0.00022928245
0.00023110525
0.00025271208
0.00025247154
0.00025520357
0.000253733
0.00023604996
0.0002278259
0.00023476308
0.00022580031
0.00023335952
0.00022925559
0.00023611306
0.0002331212
0.00023795482
0.00023370945
0.00023361352
0.00023500319
0.00023703296
0.00024110018
0.00024858344
0.0
0.0002449261
0.00023892183
0.00024281164
0.00024211034
0.00024003781
0.000240656
0.0002474181
0.00024191532
0.00029674865
0.00024885414
0.0002930984
0.00024738075
0.00029532335
0.0002994369
0.00024266174
0.0002473176
0.00024636232
0.00025159094
0.00024452762
0.00030008686
0.0003007115
0.00024500448
0.00024844156
0.0002479467
0.00029170373
0.00024366191
0.0002454393
0.00029273832
0.00031970002
0.00026494963
0.0002703934
0.0003080963
0.00025820642
0.00026282057
0.00025989072
0.00030564386
0.00025460715
0.00026417238
0.00025835435
0.00026400608
0.0002553237
0.0002579726
0.00031618893
0.00025273146
0.00031209158
0.00025605923
0.00031293614
0.00025417807
0.00032288683
0.00032828076
0.00026110106
0.00026025806
0.0002584249
0.0002540062
0.0002696259
0.00025983067
0.00026474588
0.00026289356
0.00026254266
0.0002680902
0.00026589032
0.00027247128
0.00025809256
0.00026923214
0.00026563593
0.00026971215
0.00026569978
0.00026094122
0.00026562394
0.0002620177
0.00025242128
0.0002565358
0.0002676852
0.00025541274
0.0002720693
0.00025546175
0.00027313753
0.0002706667
0.0002598808
0.00025055103
0.0002524815
0.00025971842
0.00025356855
0.0002748185
0.00027825093
0.00025694392
0.000261605
0.00025493625
0.00027577873
0.00025529152
0.0002598101
0.00027232396
0.00028191257
0.00024621942
0.00025414696
0.00025266403
0.00025071215
0.00026928683
0.00025104935
0.00027273977
0.00024847232
0.00025508416
0.00027891807
0.0002584319
0.00025734256
0.00026226777
0.00024710927
0.00024843335
0.00028037073
0.00027691605
0.0002832313
0.00027632434
0.00024742223
0.0002482916
0.00025038942
0.00024974695
0.0002547047
0.00025366218
0.00026065952
0.00025993708
0.00025187718
0.00024814153
0.0002582864
0.0002594797
0.00026364086
0.00025257614
0.0002600021
0.00025416765
0.0002564148
0.00025089094
0.0002569948
0.0002501983
0.0002487308
0.00025163713
0.000248504
0.00025491434
0.0002879344
0.00025753758
0.0002896561
0.00024813978
0.0002950539
0.0002937312
0.0002570266
0.00024406487
0.00025156065
0.0002503443
0.00024324413
0.0003040291
0.00029988968
0.00025260777
0.00026160566
0.00025439204
0.00028976687
0.00025125046
0.00025888716
0.00029211256
0.000312601
0.00021917607
0.00021200159
0.00029615298
0.00022441657
0.0002158088
0.0002225935
0.00030095575
0.00022221409
0.00021746384
0.00022131842
0.00022316302
0.00021652823
0.00021501735
0.00030835698
0.00022013669
0.00032090498
0.0002203843
0.00031881445
0.00021909863
0.0003213206
0.00032341306
0.00022082684
0.00022248384
0.00021199817
0.00022125637
0.00021284888
0.00022307828
0.00021599371
0.0002158538
0.00022505231
0.00022131663
0.0002222502
0.00022423889
0.00023030254
0.0002236096
0.00022518261
0.00022561366
0.00022881241
0.00022794316
0.00023359268
0.00023007485
0.0002255851
0.00023355748
0.0002428012
0.00022923698
0.0002506834
0.00023097657
0.00025170756
0.0002540511
0.00022574651
0.00023311508
0.00023448872
0.0002273326
0.0002258934
0.00024793073
0.00024911037
0.000224944
0.00022797086
0.00023010829
0.0002594893
0.00023306785
0.00022804762
0.0002509422
0.00026634705
0.00023365744
0.00022443965
0.00022625778
0.00022847066
0.0002541681
0.00022618755
0.00026348353
0.0002260331
0.00021949543
0.00025630536
0.0002191302
0.00022845686
0.00023092404
0.00022457533
0.00023186658
0.00025988562
0.00027051626
0.00026457454
0.00027440232
0.00022437426
0.00022320026
0.0002286751
0.00022462208
0.0002194917
0.00022197842
0.00022204258
0.00022242306
0.00021814075
0.00021755636
0.00022056651
0.00022324704
0.00023573195
0.00022360115
0.00022236649
0.0002242724
0.00021905547
0.0002128838
0.0002294201
0.00021161258
0.00021503032
0.00021566424
0.00022421117
0.00020869277
0.00027403142
0.00022015967
0.00027556543
0.00021409622
0.00027407112
0.0002791858
0.00021090386
0.00021416132
0.00022074873
0.00021338878
0.00022076184
0.00028915078
0.0002868476
0.0002131903
0.00022404769
0.00021598983
0.00028387326
0.0002148382
0.00021741554
0.0002775015
0.000277441
0.00024397507
0.00023977205
0.00026989068
0.00024229418
0.00024560708
0.00023928347
0.00026951876
0.00024136699
0.00024181779
0.00024006775
0.00024265883
0.00024586686
0.00024272937
0.00028198038
0.00023993845
0.00027443797
0.00024016427
0.00028579347
0.00023811888
0.00027533996
0.00027720103
0.00024672525
0.0002391967
0.00024710214
0.0002481705
0.0002450776
0.00023219977
0.00024349142
0.0002456767
0.00024093571
0.00023847776
0.00024848015
0.00023342695
0.00023586626
0.00023183518
0.00023233888
0.00022008191
0.00023396772
0.00022081715
0.00022285199
0.00022099153
0.00023805302
0.00023621747
0.000292992
0.00022572927
0.00029922975
0.0002248117
0.00029484072
0.00029928132
0.00022400393
0.00022763883
0.00022231317
0.00023006699
0.00022742823
0.0002834739
0.00030076967
0.00022107545
0.00022417768
0.00022515072
0.000300584
0.00022633381
0.00023181742
0.0002885005
0.00029025486
0.0002306433
0.00023053035
0.00022850874
0.00023695905
0.00029264344
0.0002304528
0.0002989337
0.00022869323
0.00024246167
0.0002969522
0.00024581733
0.00022961436
0.00023241856
0.00022534361
0.00022158548
0.00030995946
0.00029548793
0.00029753795
0.00029063981
0.00023822549
0.00023189215
0.00022252853
0.00022405668
0.00023460785
0.00022671196
0.00022562999
0.00023211428
0.00022650186
0.00022998462
0.00023515838
0.00023793752
0.00023511352
0.00024424924
0.00024169119
0.0002477972
0.000239522
0.0002554502
0.00023030539
0.0002478101
0.00024622225
0.00024701754
0.00023732013
0.00024349078
0.00028106503
0.00023922151
0.00027807217
0.0002458505
0.00028135892
0.0002839457
0.00024337083
0.0002493499
0.00024574713
0.00024441583
0.00024760512
0.0002847124
0.00028717998
0.00025159004
0.00024818777
0.00024961884
0.0002902705
0.0002513669
0.00023934715
0.00028320352
0.0002769466
0.00024550027
0.00025628737
0.0002814169
0.0002598294
0.00026209067
0.0002631948
0.0002737466
0.00025062702
0.0002721389
0.00024386615
0.00026128575
0.00025170823
0.00025604104
0.00026759543
0.00024875606
0.00026658768
0.0002492344
0.00027234384
0.0002598488
0.00027827427
0.00026076438
0.00025338586
0.00025244526
0.00024952224
0.00025468646
0.0002532624
0.00026667299
0.000257604
0.00026685704
0.00026652243
0.00026291897
0.00026044293
0.00026978087
0.0002671173
0.00026842937
0.00023902343
0.0002653322
0.0002609301
0.00026236955
0.00025380575
0.0002616071
0.00026724127
0.00027601203
0.00032066062
0.00025917534
0.0003302605
0.00026769328
0.0003307684
0.00032371547
0.00026546727
0.00026747904
0.00027386143
0.00026521087
0.00026610604
0.0003193823
0.00032551578
0.00026241838
0.0002654707
0.00026725643
0.00032026763
0.000267955
0.00026798784
0.00032373407
0.00032971698
0.00027372074
0.0002722108
0.00027084432
0.00026855114
0.00033646205
0.00027199098
0.00033218594
0.00027272027
0.00026413062
0.00032951508
0.00026428106
0.00027562783
0.0002662503
0.00026998023
0.00027501138
0.00032673232
0.00033172866
0.00032013055
0.00032612216
0.0002756403
0.00028362562
0.00027657865
0.00028175878
0.00026190342
0.00027793186
0.0002699711
0.0002768028
0.00027406635
0.0002740526
0.0002723726
0.00027912293
0.00027433288
0.00026509454
0.00027135707
0.00027166598
0.00026398242
0.00026498878
0.00026872449
0.0002500363
0.00026338364
0.00026601602
0.0002456952
0.00025676299
0.00027377802
0.00025560748
0.0002802229
0.0002608156
0.00027237285
0.000272505
0.00025973326
0.00025524173
0.0002550024
0.00025245058
0.0002545035
0.00027502503
0.00027057296
0.00026623334
0.0002730805
0.00027526554
0.00027840602
0.00026687374
0.00026892114
0.00026996058
0.0002565868
0.00024466065
0.00023274911
0.00025433555
0.00024970254
0.00023610481
0.00025063092
0.00025101728
0.00021895205
0.0002444504
0.00023427047
0.0002430982
0.00023874108
0.00023524427
0.00025852458
0.00023380826
0.0002614765
0.00022644394
0.00025895677
0.00022321637
0.00024560894
0.0002511336
0.00021968578
0.00022543593
0.00023600584
0.00023040517
0.00023783141
0.00024544282
0.00024325422
0.00024725372
0.0002516301
0.0002441724
0.00024894718
0.00024968787
0.0002533923
0.00024368579
0.00025019617
0.0002484397
0.00025184584
0.00024002041
0.00023844722
0.00023858443
0.00024260009
0.00024473947
0.00028910962
0.00025784833
0.0002928607
0.00024703695
0.0002948214
0.00029877646
0.0002395998
0.00024924672
0.00024618968
0.00024700534
0.00025108966
0.0002832888
0.00029444724
0.00024473394
0.00024749542
0.00024740756
0.0002872404
0.00023579308
0.00025127435
0.00029054418
0.00028972453
0.00024091885
0.00025230972
0.00024578813
0.00025024125
0.00029085495
0.00023997636
0.000291937
0.00024403894
0.0002521676
0.00030351218
0.00024307422
0.0002490633
0.00024287928
0.00024113205
0.00025049152
0.0003083012
0.00029461004
0.0002993441
0.00029193689
0.00024715814
0.00024997324
0.00024087472
0.0002479337
0.00024265004
0.00024498117
0.00024200378
0.00025165692
0.00023022675
0.00024376863
0.00025550317
0.0002573493
0.00024691352
0.00024192923
0.0002495685
0.00025161915
0.00024466353
0.00023041164
0.0002458025
0.00022899194
0.00022802928
0.00023158845
0.00022863079
0.00023288188
0.00025383692
0.0002245909
0.0002586522
0.00023980078
0.0002490605
0.00025615623
0.00023773382
0.00022856999
0.00023090451
0.00022797076
0.00023174603
0.00025005714
0.00024758923
0.00023857076
0.00024157559
0.00023832895
0.00025865826
0.00022640852
0.0002472007
0.00025547686
0.00024424045
0.0002202676
0.00022240008
0.00025694803
0.00023427671
0.00022063189
0.00023789534
0.00023989122
0.00022260264
0.0002206656
0.00021827758
0.00023456218
0.0002248919
0.0002297554
0.00024355382
0.00021464545
0.00025294902
0.00022169459
0.00024204895
0.00021853946
0.00023836478
0.00024332364
0.00021575912
0.00021788782
0.00022422045
0.00022220437
0.00022226012
0.00022577653
0.00022233877
0.00022818669
0.00022886996
0.00022811264
0.00022463962
0.00023181947
0.00022449046
0.00023061327
0.00023642501
0.00022739862
0.00023640966
0.00022243167
0.00022933194
0.00023510164
0.00022526165
0.00023331847
0.00028087106
0.00023634676
0.00043405153
0.00023160379
0.00027352638
0.00026666504
0.00022814651
0.00023330092
0.00022996696
0.000231484
0.00023591366
0.00028003877
0.00026858522
0.00022918677
0.00023149455
0.00022649708
0.0002736632
0.00023028208
0.0002296085
0.0002771675
0.00028226347
0.00024226974
0.00022827003
0.00023674831
0.00022843672
0.00027692583
0.0002272033
0.00028427967
0.00023122056
0.00022918674
0.0002893714
0.0002253766
0.000236418
0.00023032496
0.00022331312
0.00022191602
0.0002822501
0.00027803038
0.00030398867
0.00027935515
0.0002302951
0.00022528447
0.0002264733
0.0002350477
0.00022443791
0.00023596126
0.00022944431
0.00022906167
0.00022995163
0.00022769925
0.00023259115
0.00022503262
0.00022805906
0.00022786205
0.00022563957
0.00023156562
0.00022580058
0.00022239603
0.00022162132
0.00021914183
0.00022452438
0.00022876637
0.00022061168
0.0002227442
0.00023213694
0.00021904428
0.0002310343
0.00021773094
0.00024301476
0.00024973598
0.00022380518
0.0002267058
0.0002214198
0.00022244161
0.00022230083
0.00024037725
0.00024036245
0.00022159543
0.00023161925
0.00022401699
0.000250515
0.00022295346
0.00022853824
0.00024223309
0.00023885845
0.00021992395
0.00022105138
0.00024056368
0.00021716715
0.00022216159
0.00022766361
0.00023741668
0.00021752746
0.00022917066
0.00021802614
0.0002258237
0.00021015615
0.000218837
0.00023408308
0.00021606057
0.0002464524
0.00021352679
0.00024200205
0.00021890791
0.00023311711
0.00023553605
0.00021739515
0.00022048925
0.00022256248
0.00022549983
0.0002231085
0.0002215017
0.00022491906
0.00022939796
0.00022740252
0.00022391911
0.00022241774
0.000228475
0.00022877542
0.00022899952
0.00022551208
0.00022931039
0.00022533373
0.00022647645
0.00022679497
0.00022873138
0.00022447585
0.00022620603
0.0002740479
0.00022621074
0.0002808543
0.00023248213
0.0002783392
0.00027619372
0.0002221976
0.00023225688
0.00022488619
0.00022669455
0.00023014536
0.0002633816
0.00026522257
0.00021329765
0.00022090007
0.0002251526
0.0002768306
0.00022688259
0.00022031012
0.00027225493
0.00026621492
0.0002252965
0.00022786482
0.0002271261
0.00022303128
0.0002684269
0.00022327251
0.00027056018
0.00022020355
0.00022103716
0.000267476
0.00022141942
0.00022659166
0.00022383335
0.00021841217
0.00022914195
0.0002726245
0.0002662008
0.00026609827
0.0002743017
0.0002288002
0.0002230459
0.00022203517
0.00022705218
0.0002276065
0.00022279735
0.00022162145
0.00022443541
0.00022131186
0.00021904855
0.00022410467
0.00022895948
0.00022152014
0.00022328846
0.00022886229
0.00021858525
0.00022593426
0.00021798506
0.00022906627
0.00021863071
0.00020769237
0.00021414933
0.00021471283
0.00021276198
0.00023940305
0.00021426895
0.00023725435
0.00021230328
0.00023744645
0.00023548951
0.00022220158
0.00022095966
0.00021471255
0.0002159764
0.00022144965
0.00023861733
0.00024476773
0.00022007395
0.00022008043
0.00021129564
0.00024870381
0.00021891171
0.0002244401
0.00024039047
0.00026704508
0.00022714346
0.00023321495
0.00024946226
0.00024554788
0.00022532554
0.00024355596
0.0002603573
0.00021689443
0.00024902742
0.00022573982
0.0002443128
0.00023334085
0.00023015396
0.00025290708
0.00023380137
0.00025751765
0.00022642559
0.00025256025
0.00023196427
0.0002588957
0.00025507424
0.00022472307
0.0002235358
0.00022532592
0.00023339852
0.00023637043
0.0
0.00023269981
0.000247175
0.00024623063
0.00024116495
0.00024868458
0.00024362105
0.00024536942
0.0002453318
0.00024308421
0.00024267197
0.00024725765
0.0002388811
0.00024275112
0.00024431013
0.00024708716
0.00024444817
0.00028687625
0.0002455016
0.00030053972
0.0002449588
0.00028868415
0.00029003568
0.0002514767
0.00024311463
0.0002511223
0.0002513705
0.0002465592
0.00028850063
0.00028235136
0.0002432708
0.00024903385
0.00023941182
0.00028906253
0.00023632891
0.00024112538
0.0002825516
0.00028906326
0.00024501808
0.00024911913
0.00024639332
0.00025059393
0.0002936968
0.00023921882
0.00028147546
0.00023303309
0.00024237018
0.0002930064
0.0002454988
0.0002381459
0.00023475468
0.00024326147
0.00024344609
0.0002810496
0.00028191632
0.00028006503
0.00028161812
0.00023819174
0.00023565946
0.0002362099
0.0002374474
0.00024216574
0.00023867706
0.00023933453
0.00024498036
0.00023408188
0.00023896391
0.00024181535
0.00024418384
0.0002408817
0.00024199038
0.00023953676
0.00023700207
0.00023062436
0.00022617113
0.0002482103
0.00022767899
0.00022734105
0.00022977727
0.00022855839
0.00022931272
0.00025849557
0.0002226016
0.00025066722
0.00022792694
0.00025078122
0.00025021157
0.00023628483
0.00021983484
0.00023116001
0.00022671308
0.00023670403
0.00025636813
0.00025557936
0.00023230692
0.00024937323
0.00023405526
0.00025292038
0.00023364958
0.00024315924
0.00025291624
0.00027031483
0.00025306662
0.00024775427
0.00028402117
0.00026253844
0.0002570993
0.0002699762
0.0002797338
0.00024963953
0.00026157557
0.0002520828
0.00027036518
0.00025743677
0.00025985122
0.0002714736
0.00024861738
0.0002703368
0.000250106
0.00027904342
0.00024734397
0.00027957204
0.0002714763
0.00024787037
0.00025182797
0.00024882922
0.00025671787
0.0002614849
0.0002717175
0.00025765796
0.0002603072
0.00026452256
0.00026593247
0.0002598037
0.00026314263
0.0002669617
0.00026836482
0.00026095717
0.00026144405
0.00026285276
0.0002701012
0.00026412637
0.00026675433
0.00027350814
0.00027155274
0.00030275463
0.00026720026
0.00030271272
0.00027242198
0.00031555432
0.0003040693
0.0002656338
0.0002722249
0.00026388536
0.0002617861
0.00026763484
0.00031515438
0.00031094957
0.00025945858
0.00027009103
0.00026527228
0.00031924088
0.0002614234
0.0002678191
0.00031491517
0.0003045737
0.00026790178
0.00026812468
0.00026183104
0.0002616892
0.000302567
0.00026414994
0.00030347638
0.00026352704
0.00026435437
0.00030570058
0.00027027077
0.00025722996
0.00026490606
0.0002656667
0.00025818718
0.00029332525
0.0002986268
0.00029575714
0.0003065282
0.00027107948
0.00027031076
0.000261005
0.00025629983
0.00025857936
0.00025425485
0.0002664114
0.00025667952
0.00026464614
0.00025544627
0.00026318998
0.00025685807
0.0002593213
0.0002557449
0.00025865503
0.00026426933
0.0002537846
0.00025405007
0.0002647159
0.0002543466
0.00024792756
0.00026096666
0.00024689976
0.00024618758
0.0002822955
0.00024449392
0.0002806764
0.00024767037
0.00026640669
0.0002765149
0.0002646124
0.0002462201
0.000247519
0.00024987347
0.00024656608
0.00027554604
0.00027915588
0.00025248775
0.00026204952
0.00025326348
0.00027140585
0.0002454637
0.00025456926
0.00027545547
0.00028446273
0.00023752014
0.000235043
0.00027805928
0.00024279507
0.00023455094
0.00023486209
0.0002787351
0.00023347132
0.00023832053
0.00022719183
0.00024153912
0.00023923385
0.00023838847
0.0002782765
0.0002371893
0.00028052556
0.00023951294
0.00028132828
0.00023734484
0.00029006792
0.00028611466
0.00023676927
0.00024511892
0.00023821136
0.00023900457
0.00025141414
0.00023322405
0.00023945101
0.0002383767
0.0002488072
0.000236966
0.00024175194
0.00022335949
0.00023534858
0.00023394111
0.0002285297
0.00022649663
0.00022221741
0.0002228853
0.00023083038
0.00022290628
0.00022586076
0.00022764331
0.00029482026
0.00022513035
0.00029626593
0.00022756716
0.0002891929
0.0002981954
0.0002275337
0.00022468904
0.00022755259
0.00021950902
0.00023071514
0.00029878924
0.00029216084
0.00022300382
0.00022880996
0.00022901883
0.00029786123
0.00022336021
0.00023402143
0.00029775468
0.0002772873
0.0002307284
0.00022926858
0.00022912382
0.00022929131
0.00027645766
0.00022368354
0.00027545268
0.00022637496
0.0002380975
0.00028903098
0.00023543931
0.00021956753
0.0002224094
0.0002212038
0.00023191913
0.00028666604
0.0002828716
0.00028030275
0.0
0.0002302922
0.00022898965
0.00022456096
0.00022129239
0.00021930409
0.000215444
0.00023002923
0.00023073054
0.00022143552
0.00023008819
0.0002238171
0.00022668183
0.00022975783
0.00023882539
0.00023891288
0.00023778403
0.00022843211
0.00023242224
0.00022800048
0.00024143542
0.00023307254
0.00023706468
0.00023435244
0.0002403079
0.00028687675
0.0002388984
0.00029658544
0.00023846408
0.00029678925
0.00030587486
0.00023433754
0.00023748555
0.00023940759
0.00023743838
0.00023282407
0.0002942334
0.00028915098
0.00023119795
0.00023160166
0.00023438758
0.00028991452
0.00023304345
0.00023667254
0.00029720337
0.00024523577
0.00021896383
0.00022008644
0.00023673032
0.00023062191
0.00022047266
0.00021570339
0.000245613
0.0002221649
0.00022883872
0.0002264863
0.00022902698
0.00022950095
0.00021974077
0.00024740468
0.00021939867
0.00024420995
0.00022288438
0.00023789487
0.00022276932
0.00023860123
0.0002445073
0.00022591981
0.00022511413
0.0002313033
0.00021831588
0.00021814191
0.00021922436
0.00022031512
0.00022784242
0.00023149358
0.00023269495
0.00022420804
0.0002286628
0.00023109534
0.00022645964
0.00022607183
0.00022507519
0.00022900404
0.00022853137
0.00022903622
0.00022716996
0.00022285202
0.00023257258
0.00027620333
0.00022807464
0.00027133294
0.00022376573
0.00027285068
0.0002699168
0.00022381463
0.00023022332
0.00022399821
0.00023091602
0.0002330149
0.000281645
0.00026925158
0.00022057214
0.00022141558
0.00022015911
0.00026676778
0.00023141538
0.0002241718
0.00026857408
0.0002830626
0.00022884551
0.00023567447
0.00023735128
0.0002340291
0.0002842445
0.00023122827
0.00027696957
0.00022784121
0.00022366786
0.0002778455
0.00022994305
0.0002318103
0.00022726256
0.00023100895
0.00022276508
0.00027765302
0.00027484883
0.00027177093
0.00026767876
0.00022368091
0.00022680318
0.00022745578
0.00022816547
0.00023365355
0.00023086298
0.00023182642
0.00023433338
0.00022570562
0.00022557862
0.00023121742
0.00023069457
0.00023589774
0.00022986684
0.00022657853
0.00023356329
0.00022575329
0.0002227911
0.00023469499
0.00021936552
0.00021942885
0.00022583947
0.00022021396
0.00022694457
0.00024614632
0.00022507225
0.0002521693
0.00022209472
0.00023855167
0.0002471017
0.00023115994
0.00022028484
0.00022201837
0.00021666868
0.00022315771
0.00024285048
0.0002462921
0.00022793228
0.00022796786
0.00021732086
0.00024832
0.00022981275
0.00022777295
0.00024494407
0.00024895667
0.00022156199
0.00021310044
0.00023628384
0.00022098298
0.00021722873
0.00021815361
0.00023936728
0.00020586583
0.00022034378
0.00021808861
0.00022604236
0.0002195837
0.00021784252
0.00024013876
0.00021139691
0.0002379569
0.00021777795
0.0002437828
0.00021556547
0.00023246699
0.0002385245
0.00021302549
0.0002104133
0.00021338755
0.0002157808
0.00021777725
0.00021922715
0.00021954805
0.00022288636
0.00021839346
0.00021766883
0.0002216398
0.0002204686
0.00021968126
0.000218096
0.00022034785
0.00022326007
0.00021717018
0.00021699276
0.00021963348
0.00021014932
0.00021645655
0.00022017438
0.00026733094
0.00021515874
0.00027110594
0.00022210162
0.00027174596
0.00026925886
0.00022131602
0.00021482634
0.00021769613
0.00021342625
0.00021771094
0.00027363465
0.0002725604
0.00021486345
0.00021484829
0.0002189222
0.00026184274
0.00021509932
0.00022102096
0.00026849427
0.00026894192
0.00021903665
0.00022030556
0.00022069288
0.00021776628
0.00026358056
0.00022009345
0.00026050536
0.00022267348
0.00022592422
0.00026593628
0.00021757209
0.00021080642
0.0002124058
0.00021886692
0.00022060992
0.00026691385
0.000259518
0.0002725473
0.00026873793
0.00021888613
0.00022012756
0.00021226515
0.00021899333
0.00021544175
0.00021529925
0.00021648288
0.00022360467
0.00022162913
0.00021856284
0.00021605474
0.00022158273
0.00022325559
0.00022526825
0.0002240261
0.00021485599
0.00021918675
0.00021913694
0.00021835294
0.00021395915
0.00021091252
0.00021291497
0.00020940206
0.00022380958
0.00023983644
0.00020866461
0.00024637187
0.00022169224
0.00024060004
0.00024380871
0.00021836093
0.00021784425
0.0002106154
0.00021311118
0.00021587414
0.00023544763
0.0002407692
0.00021212512
0.00021598059
0.00022706043
0.00024205382
0.00021818257
0.0002127217
0.0002474601
0.00024514153
0.00021570073
0.00021815002
0.00024327333
0.00021992456
0.00021131698
0.00021811579
0.00024576884
0.00021183722
0.00021798063
0.00021517869
0.00021389753
0.00021978655
0.00021624303
0.00024442337
0.000211691
0.0002463279
0.00021508179
0.00023949581
0.0002219818
0.00024626165
0.00024307724
0.00021952072
0.00020970745
0.0002232848
0.00022143926
0.00021958191
0.00021714486
0.00022057889
0.00021817624
0.00021910878
0.00022368267
0.00022062042
0.00021836524
0.00022288224
0.0002177358
0.00022521245
0.00022104678
0.00022280226
0.00022558178
0.0002250127
0.00021672803
0.00022063057
0.0002181101
0.00026708722
0.0002200663
0.00026904733
0.00022406389
0.00026539867
0.00026427125
0.00021680022
0.00021994236
0.00021212443
0.0002213734
0.00021299974
0.0002577362
0.00025891743
0.00021843532
0.00021725926
0.0002214448
0.00025829926
0.00022382161
0.00022635845
0.00026230048
0.00025583222
0.00021911229
0.00022127459
0.00021761301
0.00022556711
0.00025365627
0.00021250891
0.00025867735
0.00021192456
0.00021875236
0.00025350685
0.00021458486
0.00021601564
0.0002172754
0.00021817416
0.00022032774
0.00025137333
0.00025946004
0.00025648598
0.00024883132
0.00021461245
0.00021986793
0.00021021195
0.00021311626
0.00021845242
0.00020564171
0.0002222702
0.0002276131
0.00021407494
0.00021832704
0.00021572385
0.00021999345
0.00022149445
0.00021422315
0.00022045945
0.00022017838
0.0002181233
0.00021287976
0.00022591777
0.00021801514
0.00021424268
0.00020864942
0.00021355724
0.00021459784
0.00023793693
0.00021800365
0.00024134944
0.00021798957
0.0002416952
0.00024180482
0.00021304429
0.000208953
0.00021424092
0.00021064565
0.00021572509
0.00024771478
0.00024033387
0.00021325116
0.00021510858
0.0002149204
0.00024515716
0.00021994144
0.00021596055
0.00023693465
0.00025066725
0.00022069922
0.00022296487
0.00025086265
0.00021524423
0.00021870578
0.00022017109
0.00024653188
0.00021592532
0.00021955391
0.00021725408
0.00021946756
0.00021563852
0.00021770714
0.0002496536
0.00021685126
0.00024874642
0.00021662693
0.00024937562
0.00022364069
0.0002569009
0.00024094201
0.00021735809
0.00021715436
0.00021190662
0.00021364853
0.00022147154
0.00021918815
0.00021818448
0.00022260081
0.00023047786
0.00022310451
0.00022067339
0.00022100989
0.00021692448
0.00022765297
0.00021712942
0.00022111305
0.00021668273
0.00022587451
0.00022127246
0.00022075203
0.00021815312
0.00021986417
0.00026761103
0.00022028682
0.0002620001
0.00021778484
0.00026871625
0.00026382273
0.00021847681
0.00021219651
0.00021382634
0.00021976368
0.00021728085
0.00026280814
0.00025411637
0.00022071914
0.00022475274
0.00021574355
0.00025998714
0.0002125449
0.00022462512
0.00025502028
0.0002591603
0.0002273063
0.00022023504
0.00022026098
0.00022814421
0.00026136785
0.00021737447
0.0002662039
0.00022431163
0.00022556003
0.0002632628
0.00023076299
0.00022069029
0.00021418993
0.00022516414
0.0002186861
0.00026220738
0.00026349758
0.0002682236
0.00026197542
0.00022388283
0.00021939787
0.00021338153
0.00021689538
0.00022628771
0.00022486893
0.00022383829
0.00022718929
0.0002187728
0.00022443454
0.00022948596
0.00022730611
0.00021982967
0.00023278237
0.00021805642
0.00022213774
0.00022746934
0.0002184761
0.00021755966
0.00022063288
0.00022367966
0.00022239728
0.00022106171
0.00022429328
0.0002497223
0.00022838582
0.00025444414
0.0002272663
0.0002577704
0.00025929167
0.00021743633
0.00023158269
0.00022276449
0.0002244863
0.00021756334
0.00024651745
0.0002505939
0.00022193209
0.00022381697
0.00022669772
0.00024055138
0.00021615707
0.00023192876
0.00024745974
0.00025877246
0.00021788447
0.00022105286
0.0002555064
0.00022603609
0.00021920273
0.00022623061
0.000255791
0.00023384704
0.00022244934
0.00021716308
0.00023310394
0.00023166442
0.00021784827
0.00024945196
0.0002163879
0.00025715303
0.00022058729
0.00025974476
0.00022505435
0.00024303766
0.0002513017
0.0002168983
0.00022416981
0.00022380783
0.00022443614
0.00022125982
0.00022682601
0.00021902734
0.00022468968
0.00021639811
0.00022925367
0.00022899435
0.00022596946
0.00022789415
0.00022830482
0.0002237553
0.00021893975
0.00021933728
0.00022479867
0.00022030788
0.00021379924
0.0002285675
0.00022269668
0.00025077697
0.00021832487
0.00025833896
0.00021386183
0.00025819172
0.0002548875
0.00022120633
0.00021559534
0.00021380898
0.00021657896
0.00022014462
0.00024755448
0.0002498801
0.00021714809
0.00022385355
0.00022030434
0.0002605154
0.00021905782
0.00022924897
0.00025192648
0.00025303077
0.00021706763
0.00021995387
0.00021734336
0.00021495322
0.00024490032
0.00022143098
0.00024509575
0.00021784229
0.00021056349
0.00023956803
0.00021450866
0.00021923824
0.00021807209
0.0002188105
0.00021212152
0.00025204843
0.00023973902
0.00024323168
0.00023629497
0.00021551838
0.00021079431
0.00020579607
0.00021377651
0.00021614924
0.00021127185
0.00020681953
0.00022299142
0.00021762738
0.00021887381
0.00021517258
0.00021613833
0.00021605434
0.00021922057
0.00022127852
0.00021214903
0.00021551248
0.0002089646
0.00022196036
0.00020747012
0.00021037404
0.00021348106
0.00021849891
0.00021173753
0.00025263583
0.0002180611
0.00024965795
0.00021313792
0.000248964
0.00025093515
0.00021912913
0.0002171452
0.00022831174
0.00021478854
0.00021809251
0.00025457024
0.00025754544
0.00021979368
0.00022116682
0.00021504752
0.00024915396
0.00021854647
0.00021775378
0.00025210093
0.00024572844
0.00021756793
0.00022064098
0.0002445377
0.00021494752
0.00021670073
0.00022116836
0.0002565273
0.00021029024
0.00021635025
0.00021714297
0.00021664848
0.00021521747
0.00021502901
0.00024975353
0.0002161807
0.00024768765
0.00021318368
0.00024571677
0.00021019402
0.00023437921
0.0002395467
0.00021055044
0.00020902757
0.00021690139
0.00021504152
0.00021611749
0.00021484753
0.00022373907
0.00020944088
0.00020648594
0.00022559089
0.00021331907
0.00021820568
0.00021729892
0.00021061003
0.00021305756
0.00021534869
0.00021899237
0.00022005795
0.00021777127
0.00021340775
0.00020959105
0.00021606359
0.00025017335
0.00020876537
0.000256655
0.00021495155
0.00025576522
0.00025368467
0.00021037756
0.00021797155
0.00021032117
0.00021314474
0.00021468783
0.00024223723
0.00024775043
0.00021278016
0.00021390081
0.0002099853
0.00025779632
0.00020840434
0.00021773328
0.00025199217
0.00024473478
0.00020190424
0.00021564405
0.00021299598
0.00022162597
0.00024094788
0.00020567316
0.00025041623
0.00020820128
0.00020801973
0.00024871062
0.00021106371
0.00021299759
0.0002145922
0.00021391531
0.00020739829
0.00024633214
0.00024938435
0.00023962033
0.00023112043
0.00020594063
0.00020615249
0.00020508972
0.00020712015
0.00021164061
0.0002095328
0.00020777204
0.00021189314
0.00020932242
0.00021436479
0.00021565388
0.00021315146
0.00020999154
0.000211319
0.00021713154
0.00020900895
0.00020772014
0.00021774255
0.00021340625
0.00020784533
0.00020701886
0.0002060372
0.00020932336
0.00021404539
0.00023873373
0.00020666923
0.00024656917
0.00020868311
0.00024601244
0.00023638303
0.00021700276
0.00020619617
0.00021572942
0.00021057454
0.000205875
0.0002492499
0.00024111591
0.00021245849
0.00021383447
0.00020414876
0.00024040353
0.0002120479
0.0002072207
0.00024264476
0.00024198441
0.00021462927
0.00021508987
0.00023226772
0.00021858442
0.0002092077
0.000221624
0.00025023214
0.00021090618
0.00021782375
0.00021130161
0.00022037834
0.00021709906
0.00021208085
0.00024825407
0.00021783615
0.00023948107
0.0002186275
0.00023669338
0.00021777641
0.00023987726
0.00024153032
0.00021854314
0.00021649014
0.00021235783
0.00021729298
0.00021619367
0.00021424967
0.00022093221
0.00021659274
0.00022246463
0.00021769044
0.00022063112
0.00021931154
0.0002177938
0.00022119658
0.00021346899
0.00022059571
0.00021834241
0.00022067969
0.00022574488
0.00022581873
0.00021381347
0.00021569736
0.00026748827
0.00021305727
0.00026156
0.00021313125
0.00026592144
0.00025616674
0.00021560733
0.00021548863
0.00021236179
0.00022120091
0.00021713843
0.00026052876
0.00026539297
0.00021223791
0.00021593191
0.00021892683
0.00026266024
0.00022233327
0.00021824695
0.00026021313
0.00026214428
0.00021583326
0.00021594194
0.00021022618
0.00020893339
0.00026735073
0.0002142486
0.00025298118
0.000217042
0.00021063199
0.00026151908
0.0002134527
0.0002159165
0.00021366843
0.00021439385
0.00021003977
0.00025628723
0.00025093142
0.00026404747
0.00025310827
0.00021722991
0.00021086907
0.00021735435
0.00021479263
0.00021495954
0.0002145425
0.00021530005
0.0002189906
0.00021021007
0.00021421503
0.00021407923
0.00021765064
0.00022165941
0.00021417248
0.00021591636
0.00022249359
0.00021603935
0.00020966458
0.00021818448
0.00021187567
0.00022028649
0.00021704118
0.00021507587
0.00020743853
0.00023625055
0.00021026998
0.0002446432
0.00020910977
0.000246544
0.00023847938
0.0002087718
0.00021079091
0.00021336097
0.00021445591
0.00021312186
0.00023846929
0.00023404892
0.0002086558
0.00021232961
0.00021942504
0.00024157224
0.00021346577
0.000218151
0.00023549021
0.00024083212
0.00021258685
0.00021693108
0.00023972732
0.0002254382
0.00022178324
0.0002234283
0.00023309754
0.00021903249
0.00022020059
0.00022026493
0.00022058161
0.0002208246
0.00021181144
0.00024156948
0.00021388635
0.00024456583
0.00021534761
0.00024241887
0.00021621861
0.00024477305
0.00025194747
0.00022101434
0.00022393056
0.00021721168
0.00022248742
0.00021778312
0.00022786595
0.00021705082
0.0002236329
0.0002188989
0.00025150823
0.00022512
0.00022545362
0.00022713319
0.00022648291
0.00022166193
0.00022235664
0.00022325134
0.0002242023
0.00022398979
0.00023741083
0.00022430591
0.00023144705
0.000271938
0.00022267486
0.0002736586
0.00023389423
0.0002678007
0.0002654776
0.00022969485
0.0002232599
0.00022238391
0.00022627029
0.00022492977
0.0002643061
0.00026658663
0.00022469879
0.00022298278
0.00022483352
0.00026294994
0.00022012813
0.00022343543
0.00027091295
0.00025856314
0.00021944522
0.00022338885
0.00022226143
0.00021750014
0.0002657719
0.0002223063
0.0002679131
0.00021657482
0.00022324272
0.0002682246
0.00022069107
0.00022633083
0.00022351547
0.0002203456
0.00022030683
0.00026418437
0.00027893757
0.00026317514
0.00026009392
0.00022254337
0.00022177049
0.0002232598
0.00021853844
0.00021881128
0.00021790249
0.00022771858
0.000232773
0.00021618317
0.00022284176
0.00021992392
0.00022175495
0.00021811583
0.00022248494
0.00021848992
0.00022755504
0.00021947979
0.00022425805
0.00022523945
0.0002121877
0.0002115604
0.00021584952
0.00021053456
0.00022120099
0.0002400844
0.00021263536
0.00025008956
0.00022464812
0.0002476105
0.00024539998
0.00022305391
0.00021764556
0.00021726346
0.0002196739
0.00020611523
0.000246557
0.00024143269
0.00021628496
0.00021682109
0.00021487835
0.000245946
0.00021378697
0.00021949303
0.00024589754
0.00026643908
0.00023219599
0.000230489
0.00026298905
0.0002330986
0.0002384675
0.00023103508
0.00026508883
0.00022846913
0.00023344709
0.00023406048
0.00023669665
0.00022889214
0.0002333092
0.00025933405
0.00023180377
0.00026415335
0.0002380989
0.00026379057
0.0002309371
0.0002560335
0.00026121511
0.00023140153
0.0002386677
0.00023405893
0.0002372636
0.00023482442
0.00023636784
0.00022217336
0.00023496331
0.00022439612
0.00023147654
0.00023510389
0.00022779686
0.00022750269
0.00023138034
0.00022862681
0.00023299764
0.00022323725
0.00022461225
0.0002301794
0.00022566097
0.00022457339
0.00023037492
0.00028723275
0.000230976
0.00027890573
0.00022260775
0.00027384397
0.00027172727
0.00022711421
0.0002275103
0.0002206995
0.00022074838
0.00022469672
0.00027252038
0.00026334613
0.00022730972
0.00023080019
0.00022854407
0.00026842096
0.00023110626
0.0002253868
0.00028274168
0.00026796473
0.00022016927
0.00023152817
0.00023210236
0.00023704767
0.0002679691
0.00023097094
0.00026862335
0.00022919447
0.00023394953
0.0002658984
0.00024076951
0.00022622211
0.00023064224
0.0002322425
0.00022364745
0.0002770949
0.00027084426
0.00026930214
0.00026289164
0.00022764657
0.00022993115
0.00023002063
0.00022052585
0.00023956288
0.00022686966
0.00022823665
0.00024469785
0.00022845161
0.00023079678
0.00022940732
0.00022717292
0.00023038128
0.0002287571
0.00023459685
0.0002416945
0.00023536762
0.00022645516
0.00022560325
0.00022635439
0.00023139446
0.00022410575
0.0002254833
0.0002377133
0.0002597428
0.00022714016
0.00026607505
0.00023184338
0.00026531814
0.0002686995
0.00022790523
0.00023795823
0.00023218805
0.00023592767
0.00023818258
0.00026331996
0.00025818925
0.00022835584
0.00023612769
0.00023222227
0.00026647563
0.00023325662
0.00023517729
0.0002771909
0.00028498625
0.00025629156
0.00025567494
0.00028380106
0.00025888256
0.00025213906
0.00026391342
0.0002894432
0.0002523582
0.00025746372
0.00025687457
0.00025468678
0.00025874784
0.00025336823
0.00029198092
0.0002599055
0.00028020318
0.0002563192
0.00028753764
0.00026153697
0.00028595442
0.00027091947
0.0002609391
0.00025041171
0.00025218978
0.0002606951
0.0002584913
0.00025323237
0.00025137936
0.00026536745
0.00025412865
0.0002530515
0.00026039095
0.0002475508
0.00025112394
0.00024671757
0.00024790913
0.00024283366
0.00024850917
0.00024130658
0.00024106022
0.0002472896
0.00023633732
0.00023671542
0.00030279835
0.00024244473
0.00030042251
0.00023623911
0.00028941003
0.00028871145
0.00024222332
0.00023220704
0.0002424685
0.00023320397
0.00023109572
0.00027856667
0.00028454154
0.00023739615
0.00024679437
0.00023403349
0.00028647625
0.00024186999
0.00025057775
0.00029215714
0.00028373004
0.00022820385
0.00025946973
0.00023630518
0.00025848963
0.000291903
0.00024034666
0.00028396744
0.00023487644
0.00026270046
0.0002906767
0.0002576196
0.00023845126
0.00023494294
0.00024776877
0.00023500131
0.00029182626
0.0002829613
0.00029251224
0.00027705732
0.00023485465
0.00024019832
0.00024037258
0.00023047785
0.00024367837
0.00024128053
0.00023648384
0.0002554249
0.00023684933
0.00024399353
0.00024703346
0.00025575468
0.00025051294
0.00025538375
0.00025524155
0.0002572369
0.00024774062
0.0002504891
0.00025005237
0.00024905236
0.00025576388
0.0002586796
0.0002507192
0.00026264164
0.00029932352
0.00025039795
0.00029241928
0.0002575606
0.00028781765
0.0002848619
0.00024865926
0.0002538754
0.00025165008
0.00025431227
0.0002516588
0.0002835765
0.00026821738
0.00024906063
0.000273736
0.0002550259
0.00028579062
0.00025889958
0.00025049818
0.00028546865
0.00031719366
0.00027568566
0.00028043948
0.0003250361
0.00027919724
0.00028037597
0.00027990542
0.00031844157
0.0002906293
0.0002741113
0.00028255818
0.00027389568
0.00027871056
0.00026670916
0.00031849134
0.00028160066
0.00031512717
0.00027757644
0.0003211686
0.0002810979
0.00031340425
0.00031859142
0.0002778257
0.00027563277
0.0002772693
0.00027031914
0.00027640525
0.00027998223
0.0002817422
0.0002755248
0.0002808142
0.0002634396
0.00026487253
0.00027235592
0.0002661679
0.0002801201
0.00026409142
0.00026155473
0.0002638874
0.00027156228
0.00026555717
0.00026402125
0.00026167845
0.00025182587
0.0003109251
0.00025406992
0.00032430445
0.0002571139
0.0003128387
0.000304404
0.00026484407
0.00025918992
0.00026190007
0.00026302208
0.00025865858
0.0003112681
0.00030516202
0.0002596735
0.00027674346
0.00026159792
0.00031045367
0.00025760313
0.00027371707
0.00031711537
0.00031926137
0.00026443167
0.0002738634
0.00025543463
0.00028075353
0.0003188468
0.00026169245
0.00031962516
0.00026481488
0.00027409807
0.00030027708
0.00027013427
0.00026465626
0.00027071452
0.00026174093
0.00025632116
0.00030474566
0.0003051749
0.00030265006
0.00030490308
0.00025686948
0.0002626707
0.0002641296
0.0002645247
0.0002634258
0.0002583011
0.00026516407
0.0002660835
0.00025613132
0.00026699482
0.0002637226
0.0002771329
0.00027332784
0.00026765224
0.00027148056
0.00027527512
0.0002786531
0.00027293694
0.00026769168
0.0002749869
0.0002695441
0.0002788941
0.00027975137
0.00028368973
0.00031864786
0.00027949805
0.00032151013
0.00028740132
0.00033105025
0.00032727225
0.00028862333
0.00027754085
0.0002832792
0.00028080022
0.0002770877
0.00033711042
0.00033089097
0.00028273626
0.00028897155
0.00027397266
0.00032550876
0.0002836304
0.00027626002
0.00033123436
0.00031039407
0.0002577908
0.00025631153
0.00031247982
0.00025450494
0.00026007736
0.00026125988
0.00030167447
0.0002689522
0.0002559577
0.00025797467
0.0002535611
0.0002539858
0.00024551214
0.0003142002
0.0002788102
0.00032305872
0.00024741076
0.00031616804
0.00025744629
0.00031486055
0.0003203302
0.0002456828
0.00025641508
0.00026041325
0.0002518011
0.00026148744
0.0002642316
0.0002634307
0.00025658828
0.0002532408
0.00025161932
0.00025393505
0.00026377925
0.00025855988
0.0002648133
0.0002648449
0.00026514783
0.0002534289
0.0002586793
0.00026491866
0.0002654837
0.0002728507
0.00027217797
0.00036785373
0.00027376038
0.00034659758
0.00027907462
0.00036273547
0.00035994826
0.00026553776
0.0002755333
0.00026812003
0.00027048533
0.00027971528
0.00035895343
0.00035810613
0.00027156997
0.0002534565
0.00026104052
0.00036306152
0.00026605028
0.0002615237
0.00034684563
0.0003509782
0.00026694857
0.00025866902
0.00027261896
0.0002742292
0.00035994197
0.00027580414
0.00036385725
0.00027094793
0.00026120967
0.0003532474
0.00026276024
0.00026438598
0.00026387733
0.00026477163
0.0002823624
0.0003478783
0.0003633304
0.00035527747
0.0003722517
0.0002638741
0.00026420763
0.00026338286
0.000275858
0.00026814768
0.00025637043
0.0002654565
0.00026747695
0.00026007133
0.00026399374
0.00025416233
0.00026801322
0.0002623073
0.0002589577
0.00026173663
0.0002552156
0.00025638414
0.00025435616
0.00025613088
0.00024959896
0.00025695402
0.0002535536
0.00025938096
0.00025294608
0.00030266383
0.0002513736
0.00031475688
0.0002599854
0.0003191222
0.00031378935
0.0002543184
0.0002524591
0.00025356893
0.00025880913
0.00025829417
0.00031793248
0.00032003853
0.00024991465
0.00025914778
0.00024614757
0.0003180074
0.00024771385
0.00025758415
0.00031225805
0.0003113752
0.00024505082
0.0002387573
0.0003167949
0.00025388412
0.00024691355
0.00025812336
0.00031599385
0.00025303487
0.00026116942
0.0002577047
0.0002525459
0.0002525386
0.00024813684
0.0003134626
0.00025208978
0.00031595645
0.0002529668
0.00031231722
0.0002596567
0.00030879534
0.00031677075
0.00025718432
0.00024748477
0.0002487841
0.0002504728
0.0002477625
0.0002553031
0.00025685583
0.00025275288
0.0002546163
0.00025701284
0.00026506814
0.00026808766
0.000268875
0.00026090757
0.00026703655
0.0002749236
0.00025753156
0.0002601788
0.00026437087
0.0002625645
0.000267167
0.0002722489
0.0003445242
0.00026250444
0.00034770643
0.00027172465
0.00034244277
0.00035338337
0.00026384596
0.00027031978
0.00027308904
0.00027194602
0.00025954732
0.00035076978
0.00034980784
0.00027280828
0.0002636892
0.00025874653
0.0003497999
0.0002728066
0.00026848915
0.00034385658
0.0003285168
0.00026577912
0.0002598401
0.0002595337
0.00025740537
0.00034223055
0.0002550702
0.00033213178
0.00026171881
0.00024965653
0.00034091904
0.00025466608
0.0002533567
0.00025982969
0.00026724357
0.00026308416
0.00033707957
0.00033440517
0.0003357027
0.00032810975
0.0002642784
0.0002619334
0.0002608469
0.00026073653
0.00026652208
0.00026366478
0.00025853285
0.00024667443
0.00024997265
0.0002560938
0.00025432502
0.00025080072
0.00025934543
0.00025173245
0.00024745433
0.0002591654
0.00024878042
0.00024122838
0.00025248737
0.00023914424
0.0002496824
0.00024194855
0.000250836
0.00024236566
0.00031113462
0.00025182884
0.00031154652
0.0002466822
0.00030847694
0.0003150642
0.00024638226
0.00024610665
0.00024842384
0.00025087534
0.00025471856
0.000314227
0.00030340138
0.00024344213
0.0002520332
0.0002447878
0.00031424008
0.00024841458
0.0002473912
0.0003198106
0.0003149554
0.0002754697
0.00027631756
0.00032197795
0.00026560616
0.00026867026
0.00027554124
0.0003118815
0.0002799366
0.00027593598
0.00028544967
0.00027709294
0.0002776599
0.000261827
0.00032375395
0.0002778853
0.00032367182
0.00027250015
0.0003135322
0.0002872443
0.00032126225
0.00031179862
0.0002823996
0.0002768066
0.00027148015
0.00026846942
0.00027798142
0.00027256264
0.00027695455
0.00027677906
0.00027390177
0.00028122545
0.00027960804
0.00027156324
0.00026856098
0.00027017682
0.00027548117
0.0002613235
0.00026205805
0.0002652534
0.00026090155
0.0002724358
0.0002504007
0.000259694
0.00029560513
0.00025009282
0.00029495143
0.0002563942
0.00029460265
0.0002992376
0.00026199798
0.00025423348
0.00026286513
0.0002619141
0.0002594779
0.00029450608
0.00028842597
0.0002617336
0.00027184596
0.00025224182
0.00029605348
0.00026380236
0.00027265344
0.00030000435
0.0002894375
0.00025363805
0.0002697726
0.0002557973
0.00026518092
0.0002912561
0.00026595514
0.000294355
0.00024632245
0.00027469822
0.00029568348
0.00026415839
0.00026320998
0.0002615597
0.00025903402
0.00025375278
0.00029330136
0.00029974617
0.0002906602
0.00028698432
0.00024988133
0.00025428008
0.0002508179
0.00025417624
0.0002513095
0.00026086858
0.00025581705
0.00025866268
0.0002518249
0.00025983242
0.0002642437
0.0002644959
0.00026348422
0.00026605092
0.0002740069
0.00026691094
0.00026507597
0.0002720758
0.00026352683
0.00025693848
0.0002689446
0.00027036716
0.00027960635
0.00027026722
0.00031597703
0.00027946298
0.00032253837
0.00028693443
0.0003142266
0.00032069383
0.0002702869
0.0002736211
0.00028457967
0.00027341425
0.0002827186
0.0003157973
0.00031951713
0.00027451117
0.00027582637
0.00027457005
0.0003193971
0.00027874275
0.00026483703
0.00032256474
0.0002932886
0.00025668577
0.00025210905
0.00029401854
0.0002659876
0.00024949445
0.00025710458
0.00028766473
0.00025410307
0.00025714032
0.00025352286
0.00026023242
0.00024614626
0.00024696864
0.00029327304
0.00025392327
0.00029642828
0.00024998077
0.00028482772
0.00023976054
0.0002883381
0.00028915983
0.00025421128
0.00025604456
0.0002487082
0.0002501689
0.0002539414
0.00025273833
0.00025874047
0.0002542727
0.00025869947
0.00025672634
0.00026957743
0.00024542245
0.00025129272
0.00024591328
0.00024359845
0.00024070626
0.0002465718
0.00024037845
0.00024059576
0.00023693877
0.00023752234
0.00024376842
0.00028890272
0.00024074092
0.0002796458
0.00023193077
0.00027991392
0.00028146277
0.00023936873
0.0002372772
0.00023502717
0.0002384986
0.00024239466
0.00028050222
0.00027573117
0.00023970362
0.0002526485
0.00023811554
0.00028670472
0.00023682973
0.00024875152
0.00028479184
0.00028159335
0.00022950632
0.0002531357
0.00022737238
0.0002543192
0.0002744481
0.00023482485
0.0002772966
0.00022838292
0.00025274395
0.0002664706
0.0002511898
0.00023184059
0.00023247182
0.00023682739
0.00023196811
0.00027206063
0.00026481375
0.00026959946
0.000266355
0.00023340587
0.00023925498
0.00023253456
0.00023065077
0.00023861571
0.00023687145
0.00022872897
0.00025256057
0.000233622
0.00023964081
0.00024207584
0.00024363883
0.00024793646
0.0002532173
0.00024670042
0.00024322177
0.00024353634
0.00025153003
0.00024085508
0.00023906662
0.0002504236
0.00023726084
0.0002468407
0.0002468704
0.00028964918
0.0002533483
0.0002979055
0.0002479392
0.0002853794
0.00028834614
0.00024547646
0.00023981475
0.0002509787
0.00025268324
0.00024622877
0.00029385494
0.00029218016
0.00024002272
0.00024708032
0.00024579582
0.00029231893
0.00024953994
0.0002568817
0.0002842946
0.0002615478
0.00023742887
0.00023084963
0.0002664118
0.00024221293
0.00024009855
0.00024199451
0.0002670937
0.00023821107
0.00023785263
0.0002293883
0.0002328407
0.00023128843
0.00024070796
0.00027101033
0.00023153915
0.00027220824
0.00023566216
0.00026087032
0.00023384007
0.00027273444
0.00025842915
0.00022733641
0.00022640852
0.00022834753
0.00023971534
0.00023330726
0.00023519229
0.00022835836
0.00023489317
0.00022473508
0.00023282338
0.00023936311
0.00023647418
0.00023306448
0.00022906277
0.00023755591
0.0002322383
0.00022814925
0.00022840836
0.00022117412
0.00022512286
0.00022702532
0.00021592734
0.00027010823
0.00022260715
0.00027336378
0.00022336232
0.00027015453
0.0002612725
0.00022720484
0.00023137705
0.00022481641
0.00023081808
0.00022840725
0.0002671257
0.00026693285
0.00021728271
0.000226056
0.00022435364
0.0002764045
0.00022388862
0.00023886506
0.00027487805
0.00025513704
0.00021928773
0.00022792841
0.00021942491
0.0002279213
0.00026932804
0.00022537269
0.0002565622
0.00022397091
0.00022977876
0.00026181314
0.00023021447
0.00022587541
0.00022514754
0.00022467198
0.00022280657
0.00026479072
0.0002645594
0.00026058266
0.00025822452
0.00021676574
0.00022071373
0.000219768
0.00021644072
0.00021780808
0.0002260264
0.00022641588
0.00022837079
0.00022124477
0.00022810808
0.0002265797
0.00023111954
0.00023060964
0.00022353623
0.0002236026
0.00023102168
0.00022120558
0.00022846756
0.00023066922
0.00022361636
0.00023105933
0.0002277338
0.00022417125
0.00023753097
0.00026529402
0.00022760312
0.00026280654
0.00022539365
0.00026257936
0.00026837466
0.00023184605
0.00023286766
0.00023146727
0.00022256326
0.00023069582
0.00025728287
0.0002690025
0.00023433211
0.00023421126
0.00023053026
0.00025894243
0.0002304965
0.00022991974
0.00026267456
