14302.0
13989.0
14471.0
14286.0
14138.0
14314.0
13867.0
14488.0
13729.0
14329.0
13425.0
14152.0
14097.0
13428.0
14352.0
14597.0
13551.0
14034.0
14129.0
13594.0
13949.0
13558.0
13983.0
14079.0
14003.0
13609.0
14060.0
11847.0
14327.0
14261.0
14076.0
13801.0
16177.0
13656.0
13270.0
14469.0
13688.0
14018.0
14034.0
14097.0
13938.0
14341.0
14542.0
14882.0
15675.0
14574.0
14663.0
14681.0
15169.0
15408.0
14420.0
14034.0
15247.0
14449.0
14751.0
15498.0
16321.0
14793.0
14795.0
14404.0
15255.0
14252.0
14299.0
15044.0
15347.0
13704.0
13548.0
14367.0
13718.0
15282.0
14115.0
15020.0
14041.0
13623.0
15440.0
13603.0
13556.0
14132.0
13669.0
15518.0
15692.0
14875.0
14996.0
15800.0
14535.0
13496.0
14046.0
15936.0
14130.0
13685.0
13966.0
13607.0
14370.0
14164.0
13748.0
13656.0
13601.0
14124.0
13769.0
14105.0
13899.0
13977.0
13729.0
13806.0
13967.0
13874.0
13263.0
13819.0
13823.0
13355.0
13796.0
13594.0
13412.0
13857.0
13578.0
13330.0
13681.0
13378.0
13275.0
13759.0
14015.0
13721.0
13384.0
13608.0
13665.0
14052.0
14146.0
13964.0
14362.0
14688.0
14730.0
14261.0
14776.0
14367.0
15179.0
10223.0
15051.0
15172.0
14301.0
14391.0
14540.0
15058.0
14459.0
14789.0
14102.0
14858.0
14611.0
13801.0
14344.0
14565.0
14572.0
14942.0
14756.0
15038.0
14399.0
21069.0
14844.0
14850.0
15100.0
14941.0
14294.0
14662.0
14767.0
14866.0
15131.0
15265.0
15086.0
15404.0
14762.0
14937.0
14788.0
15971.0
16513.0
15187.0
16352.0
15191.0
16701.0
16361.0
14285.0
15394.0
16391.0
15103.0
15303.0
15711.0
16571.0
15822.0
15475.0
19969.0
15845.0
15519.0
14756.0
16398.0
16092.0
15469.0
14656.0
15056.0
14909.0
16093.0
15072.0
16466.0
15014.0
14787.0
16052.0
14396.0
14851.0
14973.0
14647.0
15332.0
16306.0
15845.0
15973.0
16204.0
14926.0
15192.0
14899.0
15545.0
15088.0
14459.0
14510.0
14998.0
15028.0
15214.0
14617.0
14498.0
14322.0
14439.0
14514.0
14389.0
14661.0
14508.0
15161.0
13983.0
15213.0
14468.0
14124.0
14649.0
14293.0
14438.0
13627.0
14356.0
13989.0
14169.0
14972.0
14216.0
14351.0
14102.0
14635.0
14024.0
14316.0
14616.0
14493.0
14647.0
14349.0
14454.0
14986.0
14045.0
15394.0
15556.0
15892.0
16026.0
15622.0
15659.0
15928.0
17508.0
15241.0
16286.0
15326.0
15747.0
15205.0
15758.0
15322.0
15688.0
14974.0
14895.0
15656.0
15240.0
16159.0
15334.0
15541.0
15374.0
15930.0
16103.0
15304.0
15994.0
17205.0
15652.0
15953.0
15616.0
16370.0
16051.0
15861.0
16602.0
15910.0
16917.0
16059.0
16588.0
17026.0
16229.0
16688.0
17696.0
19287.0
16851.0
17974.0
17091.0
18415.0
18536.0
16066.0
16878.0
17744.0
16848.0
17042.0
18863.0
19333.0
16666.0
16610.0
16034.0
18870.0
16339.0
15876.0
18553.0
17974.0
16740.0
15753.0
16820.0
15729.0
18322.0
16527.0
18792.0
17110.0
15554.0
18061.0
15716.0
16170.0
15852.0
15837.0
16626.0
18234.0
18356.0
17579.0
18382.0
16546.0
16448.0
16688.0
16865.0
15760.0
16090.0
16354.0
15864.0
16445.0
15831.0
15789.0
15493.0
15574.0
15479.0
15426.0
15667.0
15455.0
15699.0
15725.0
15145.0
15404.0
15213.0
15284.0
15186.0
15222.0
15539.0
14672.0
15150.0
14898.0
14520.0
15561.0
14781.0
15799.0
15319.0
14809.0
14790.0
14808.0
15018.0
15179.0
15432.0
15445.0
15430.0
15777.0
14945.0
16763.0
16347.0
17376.0
16848.0
16663.0
16646.0
16012.0
17450.0
16831.0
16489.0
16672.0
16512.0
16429.0
16647.0
17342.0
17414.0
17275.0
16413.0
17035.0
16288.0
18086.0
16966.0
17083.0
16463.0
16431.0
16841.0
16358.0
15832.0
16268.0
16335.0
7740.0
16583.0
15953.0
15990.0
15984.0
16500.0
15667.0
16174.0
15967.0
15699.0
15707.0
15473.0
16182.0
16716.0
19153.0
16110.0
18688.0
16267.0
18874.0
18852.0
15555.0
16139.0
16599.0
16273.0
16244.0
18662.0
19365.0
16666.0
16759.0
16140.0
18742.0
15632.0
16567.0
18556.0
18468.0
15765.0
16125.0
15877.0
15810.0
18118.0
15557.0
19810.0
15746.0
15975.0
18182.0
15933.0
16330.0
15846.0
15535.0
16307.0
18165.0
18705.0
18350.0
18448.0
16068.0
15959.0
16092.0
16253.0
15562.0
15688.0
15545.0
15789.0
15731.0
16092.0
16189.0
15703.0
15815.0
16349.0
16033.0
17454.0
16911.0
3.0
16032.0
16402.0
16623.0
15925.0
16500.0
16041.0
16864.0
16220.0
16676.0
15260.0
16338.0
16378.0
16456.0
16969.0
16829.0
16555.0
16267.0
116.0
16622.0
15948.0
15998.0
16176.0
35190.0
15946.0
16424.0
16471.0
16720.0
16966.0
16876.0
16785.0
16578.0
16274.0
16136.0
16631.0
16525.0
16448.0
16274.0
16433.0
16523.0
16721.0
16980.0
16357.0
16879.0
16444.0
16897.0
16485.0
17280.0
16468.0
17003.0
16706.0
16266.0
16332.0
16678.0
15950.0
16673.0
15988.0
16755.0
16477.0
16478.0
16014.0
15949.0
16433.0
16506.0
16695.0
15881.0
16465.0
15805.0
15973.0
16137.0
17005.0
19190.0
16246.0
18592.0
16232.0
18751.0
18712.0
16488.0
16273.0
16316.0
16191.0
16222.0
18926.0
18477.0
15976.0
16250.0
15431.0
18722.0
16595.0
16203.0
18655.0
19888.0
16125.0
16053.0
16112.0
15630.0
18526.0
15792.0
19289.0
16310.0
16041.0
18410.0
16238.0
15871.0
16909.0
16001.0
16817.0
18795.0
18378.0
18455.0
18260.0
16507.0
15959.0
16201.0
16301.0
15194.0
15747.0
16086.0
16050.0
16187.0
15963.0
15656.0
15384.0
15260.0
15430.0
15968.0
16125.0
15774.0
16419.0
17027.0
15989.0
15673.0
15881.0
15946.0
16201.0
16555.0
16199.0
15741.0
16266.0
15739.0
15768.0
17338.0
16560.0
17534.0
16239.0
16595.0
16308.0
17819.0
16358.0
16328.0
16140.0
16377.0
16016.0
16691.0
15806.0
14361.0
14724.0
14930.0
14450.0
15147.0
14563.0
15022.0
14493.0
14536.0
15076.0
14651.0
14907.0
14861.0
14400.0
14433.0
15078.0
14389.0
14231.0
14173.0
14554.0
15593.0
15399.0
15286.0
14409.0
15639.0
15598.0
14926.0
15337.0
16451.0
15083.0
15471.0
14827.0
14906.0
15313.0
15269.0
15497.0
15140.0
16973.0
15221.0
15494.0
15649.0
15577.0
16710.0
18223.0
18822.0
15821.0
16849.0
15904.0
17002.0
18165.0
15000.0
16017.0
15842.0
15708.0
16332.0
16830.0
16919.0
15541.0
15295.0
15197.0
17612.0
15345.0
15207.0
17088.0
16353.0
15264.0
15089.0
15398.0
14117.0
16545.0
15031.0
17516.0
15840.0
14701.0
16454.0
14636.0
15032.0
16250.0
15286.0
16214.0
16475.0
16399.0
16594.0
16409.0
15183.0
15287.0
15322.0
15450.0
15126.0
14782.0
15013.0
14691.0
15287.0
14755.0
14557.0
14720.0
14778.0
14399.0
14507.0
14602.0
14454.0
14496.0
15417.0
13798.0
15409.0
14412.0
13957.0
14007.0
13626.0
14266.0
13723.0
14182.0
14250.0
14125.0
15001.0
14764.0
15225.0
14231.0
14237.0
14564.0
14973.0
14650.0
14492.0
14642.0
13956.0
14380.0
16032.0
14403.0
15067.0
14485.0
14701.0
14913.0
0.0
14712.0
0.0
14732.0
14221.0
14627.0
14306.0
14460.0
14543.0
14714.0
14135.0
14384.0
14652.0
14400.0
14535.0
14096.0
15219.0
14627.0
14388.0
14694.0
14573.0
14033.0
14633.0
0.0
14612.0
14434.0
14660.0
14561.0
14320.0
14562.0
14540.0
15761.0
14929.0
15132.0
15075.0
14903.0
14680.0
15203.0
14832.0
15750.0
17280.0
14847.0
16575.0
15105.0
16889.0
16589.0
14914.0
14858.0
15275.0
15266.0
15043.0
16769.0
16590.0
15098.0
14750.0
14771.0
16871.0
15401.0
14410.0
17185.0
15965.0
14373.0
14261.0
14279.0
13715.0
15986.0
14475.0
16264.0
14467.0
14179.0
15648.0
14171.0
14009.0
14971.0
14046.0
15371.0
15900.0
16015.0
15958.0
16366.0
14177.0
14433.0
14121.0
14921.0
14625.0
14094.0
14152.0
14048.0
14164.0
14044.0
13869.0
13813.0
13687.0
13562.0
14064.0
13834.0
13955.0
14162.0
15267.0
13706.0
13507.0
13926.0
13537.0
13899.0
13765.0
13708.0
13750.0
13731.0
14005.0
14125.0
14760.0
13701.0
14595.0
13808.0
13627.0
13883.0
14960.0
13971.0
14239.0
13659.0
14365.0
13826.0
14686.0
13894.0
14245.0
13549.0
13828.0
13538.0
12911.0
13106.0
13902.0
13985.0
12607.0
13496.0
12934.0
12937.0
13646.0
12735.0
13260.0
13317.0
13788.0
13592.0
14036.0
13613.0
13743.0
14056.0
14017.0
13602.0
13313.0
13441.0
13570.0
13862.0
14203.0
13679.0
14469.0
13722.0
13954.0
13913.0
14131.0
15002.0
13771.0
14869.0
13622.0
13716.0
14008.0
14115.0
14173.0
14738.0
15846.0
14353.0
15244.0
14043.0
15100.0
10845.0
13386.0
13483.0
14413.0
14169.0
13264.0
13830.0
15347.0
13955.0
13893.0
14051.0
14321.0
12935.0
13412.0
15016.0
13891.0
13330.0
13249.0
13234.0
13598.0
14193.0
13554.0
14308.0
13453.0
13659.0
14055.0
12819.0
13389.0
14100.0
12729.0
13972.0
13697.0
13985.0
14072.0
14112.0
13689.0
13316.0
13156.0
13410.0
13098.0
12898.0
12908.0
12846.0
13218.0
12865.0
12873.0
12969.0
12641.0
12753.0
12641.0
12999.0
12865.0
12807.0
14442.0
12874.0
13332.0
12896.0
12553.0
12529.0
13951.0
12319.0
12953.0
12800.0
13290.0
12699.0
13327.0
13038.0
13583.0
12983.0
12827.0
13108.0
13666.0
13090.0
13112.0
12878.0
12958.0
13009.0
13447.0
13123.0
14976.0
14338.0
14230.0
15274.0
13799.0
13891.0
13936.0
15471.0
13995.0
13923.0
14368.0
13695.0
13806.0
13833.0
15104.0
14401.0
14646.0
13716.0
15057.0
14142.0
15020.0
14620.0
14522.0
14426.0
13725.0
13724.0
13408.0
13467.0
13721.0
13626.0
14229.0
13655.0
13607.0
14089.0
13397.0
13867.0
13298.0
13661.0
13796.0
13569.0
13608.0
14054.0
12855.0
13273.0
13986.0
14748.0
13509.0
13434.0
13797.0
14022.0
13626.0
13396.0
14161.0
13427.0
13606.0
13993.0
13787.0
14270.0
14304.0
13319.0
14169.0
13647.0
13723.0
13820.0
13370.0
13269.0
13331.0
13459.0
13113.0
13766.0
12957.0
13859.0
13326.0
13851.0
13168.0
13296.0
13193.0
13299.0
13263.0
13562.0
13507.0
13709.0
13671.0
13676.0
13130.0
13029.0
13055.0
13401.0
13364.0
12978.0
13120.0
13461.0
13743.0
13833.0
13338.0
13944.0
12885.0
13127.0
13111.0
13208.0
14085.0
13787.0
13417.0
13192.0
14309.0
12928.0
13726.0
13334.0
14759.0
13758.0
14575.0
13622.0
14930.0
14440.0
13848.0
13868.0
13594.0
13737.0
13486.0
14333.0
14608.0
13422.0
13242.0
13271.0
14574.0
13460.0
13877.0
14803.0
13220.0
12588.0
13046.0
12927.0
12290.0
12383.0
12430.0
13547.0
12735.0
13104.0
12317.0
12796.0
12638.0
12561.0
13154.0
12841.0
12503.0
12604.0
13226.0
12640.0
13332.0
13158.0
12726.0
12526.0
12432.0
12182.0
12521.0
11975.0
12787.0
12723.0
12814.0
12247.0
12184.0
12488.0
12235.0
12530.0
12455.0
12614.0
12339.0
12433.0
12197.0
12460.0
12449.0
12339.0
13395.0
12414.0
12774.0
12283.0
12945.0
12858.0
12573.0
12412.0
12769.0
11855.0
12280.0
12927.0
13248.0
12808.0
12855.0
12090.0
12714.0
12054.0
12457.0
13086.0
14305.0
12513.0
13206.0
12910.0
12972.0
13455.0
12851.0
13848.0
13000.0
12989.0
13505.0
13272.0
12841.0
13257.0
12632.0
13265.0
13854.0
13519.0
14052.0
14937.0
13436.0
12727.0
13303.0
13522.0
13164.0
12961.0
12817.0
12831.0
13537.0
13266.0
13067.0
13096.0
13300.0
13098.0
13171.0
12896.0
12852.0
13914.0
13665.0
12606.0
14173.0
13060.0
12930.0
12740.0
14433.0
13153.0
13491.0
12966.0
13617.0
14232.0
13156.0
13341.0
13985.0
12989.0
13048.0
14363.0
14269.0
13381.0
13297.0
12986.0
13593.0
12924.0
12766.0
13830.0
13896.0
12731.0
13460.0
13170.0
12727.0
12829.0
12994.0
13914.0
12929.0
13608.0
13055.0
13003.0
13033.0
13129.0
13495.0
13487.0
13140.0
12636.0
13148.0
12755.0
13232.0
13470.0
13057.0
12750.0
13298.0
12585.0
12963.0
13047.0
13053.0
12836.0
13313.0
13090.0
12845.0
12696.0
12949.0
13048.0
12737.0
13077.0
13021.0
12782.0
12672.0
13045.0
12860.0
13335.0
13540.0
12914.0
13908.0
12622.0
13452.0
13801.0
13052.0
13193.0
13199.0
12745.0
13008.0
13659.0
14178.0
13670.0
13802.0
12818.0
14064.0
12923.0
12764.0
13691.0
13275.0
13037.0
13017.0
13179.0
12850.0
13557.0
13101.0
13717.0
12925.0
13074.0
13490.0
12857.0
12919.0
13024.0
12889.0
13191.0
13539.0
13595.0
13996.0
14049.0
13282.0
13092.0
12928.0
13438.0
12733.0
13187.0
13031.0
13093.0
13428.0
12841.0
12763.0
12940.0
12652.0
13167.0
12931.0
12910.0
14597.0
13772.0
13041.0
12882.0
13315.0
12828.0
12593.0
12912.0
13686.0
12899.0
13362.0
13042.0
13320.0
13463.0
13274.0
12874.0
13190.0
13034.0
13003.0
13548.0
13522.0
12836.0
13417.0
12778.0
13727.0
12976.0
13150.0
13486.0
12701.0
12864.0
13119.0
12642.0
12847.0
12653.0
12482.0
13085.0
12231.0
13153.0
12339.0
12393.0
12685.0
12697.0
12741.0
12670.0
12998.0
12455.0
12814.0
12153.0
13387.0
13035.0
12638.0
12333.0
12504.0
12327.0
12655.0
12857.0
12496.0
12518.0
12808.0
12791.0
12603.0
12834.0
12877.0
12709.0
12705.0
12925.0
12119.0
12556.0
12530.0
12826.0
12431.0
12879.0
13837.0
12918.0
13736.0
12801.0
13431.0
13302.0
12835.0
13059.0
13747.0
13175.0
13080.0
13539.0
14201.0
12953.0
12951.0
12838.0
13779.0
12672.0
12872.0
14021.0
13701.0
12586.0
12737.0
12744.0
13165.0
13537.0
12529.0
14201.0
12920.0
12521.0
13321.0
12482.0
12477.0
13119.0
12678.0
13189.0
13862.0
13502.0
13709.0
13831.0
12836.0
12933.0
13008.0
13388.0
13018.0
12712.0
12571.0
12121.0
13207.0
13372.0
12610.0
12629.0
12606.0
12933.0
12403.0
12701.0
12985.0
12974.0
12718.0
12475.0
13127.0
12567.0
12580.0
13055.0
13071.0
12368.0
12914.0
12424.0
12511.0
12843.0
13008.0
12707.0
12885.0
12453.0
12598.0
12653.0
13038.0
12570.0
12478.0
12279.0
12579.0
12311.0
12693.0
12913.0
13296.0
12501.0
12715.0
12837.0
12538.0
12603.0
12673.0
12853.0
12599.0
12595.0
12349.0
12662.0
12381.0
12433.0
12666.0
12438.0
12610.0
12441.0
12933.0
12679.0
13303.0
13056.0
12741.0
12743.0
12640.0
12652.0
12354.0
12151.0
13347.0
12486.0
13347.0
12062.0
12838.0
12376.0
12811.0
13031.0
12620.0
12689.0
13633.0
12789.0
12687.0
12444.0
12670.0
13627.0
14200.0
12836.0
13566.0
12755.0
13717.0
13735.0
12728.0
12586.0
12933.0
12912.0
12944.0
13558.0
13807.0
12938.0
13015.0
12589.0
13652.0
12400.0
12419.0
13523.0
13440.0
12643.0
12505.0
12812.0
12649.0
13962.0
12747.0
13748.0
12540.0
12310.0
13227.0
12408.0
12322.0
13104.0
12445.0
12947.0
13058.0
13182.0
12852.0
13345.0
12410.0
12734.0
12368.0
13411.0
12321.0
12631.0
12648.0
12343.0
12656.0
12783.0
12481.0
12918.0
13047.0
12219.0
12134.0
12181.0
12447.0
12796.0
13324.0
12002.0
12182.0
12244.0
12291.0
12457.0
12399.0
12341.0
12475.0
12274.0
12712.0
12197.0
13028.0
13045.0
12649.0
12046.0
12410.0
12547.0
12972.0
12564.0
12656.0
12775.0
12584.0
12323.0
13137.0
12876.0
13111.0
12529.0
12786.0
13029.0
12628.0
12367.0
12791.0
12691.0
12804.0
12436.0
12723.0
12712.0
12799.0
12207.0
13212.0
12603.0
12807.0
12648.0
12530.0
12200.0
13266.0
13099.0
12846.0
12401.0
12537.0
12445.0
12639.0
12776.0
13201.0
12619.0
13007.0
13265.0
12214.0
12927.0
12798.0
13142.0
12532.0
12989.0
12736.0
12580.0
12077.0
12399.0
12917.0
13206.0
13582.0
12622.0
13198.0
12825.0
13574.0
13086.0
12570.0
12271.0
12735.0
12768.0
12623.0
13197.0
13197.0
13009.0
12409.0
12899.0
13742.0
12836.0
12465.0
13368.0
13005.0
12312.0
12203.0
12050.0
11995.0
13257.0
12444.0
13385.0
12200.0
12172.0
13223.0
12306.0
12349.0
12886.0
11980.0
12399.0
12407.0
12793.0
12442.0
12924.0
12158.0
11703.0
12298.0
12300.0
12186.0
11917.0
11985.0
12296.0
12118.0
12599.0
12189.0
12245.0
12133.0
12189.0
12271.0
11922.0
12284.0
12398.0
12954.0
11918.0
12455.0
12279.0
11989.0
11946.0
12818.0
12152.0
12953.0
12066.0
12503.0
12654.0
12474.0
12302.0
12583.0
12141.0
12030.0
12573.0
13679.0
12312.0
12324.0
12190.0
12885.0
12101.0
12891.0
12876.0
13958.0
13164.0
13544.0
13947.0
13176.0
13147.0
12980.0
14009.0
13815.0
13430.0
13752.0
12897.0
13323.0
13113.0
14002.0
12912.0
13662.0
13853.0
13948.0
13311.0
13830.0
14154.0
13524.0
13046.0
13047.0
12859.0
13181.0
12985.0
13681.0
13527.0
13840.0
13600.0
13184.0
13958.0
13045.0
13647.0
13283.0
13612.0
13069.0
12988.0
12869.0
12954.0
13430.0
14361.0
12073.0
13141.0
13516.0
13422.0
13621.0
13686.0
13066.0
13007.0
13337.0
13101.0
12851.0
13590.0
13675.0
13160.0
13259.0
13201.0
13633.0
13134.0
13007.0
13906.0
13215.0
12827.0
12732.0
12822.0
12919.0
12881.0
12527.0
13625.0
12494.0
12893.0
12842.0
12466.0
12449.0
13579.0
12655.0
13131.0
13081.0
13196.0
13283.0
13194.0
12480.0
12596.0
12734.0
12666.0
12474.0
12581.0
12661.0
12683.0
12322.0
12421.0
12432.0
12666.0
12616.0
12490.0
12277.0
12315.0
12627.0
12948.0
13236.0
12298.0
12810.0
12877.0
12602.0
12641.0
13491.0
12663.0
13126.0
12556.0
13261.0
13289.0
13133.0
12663.0
13470.0
12562.0
12940.0
13706.0
14103.0
12722.0
12774.0
12548.0
13627.0
12738.0
13415.0
13266.0
14153.0
13259.0
12837.0
13883.0
12710.0
12978.0
12855.0
13421.0
13059.0
12704.0
13968.0
12518.0
12756.0
12917.0
13795.0
12799.0
13658.0
13381.0
13920.0
12658.0
14218.0
13681.0
13323.0
13294.0
12975.0
12768.0
12636.0
12919.0
13482.0
12781.0
13161.0
12375.0
12957.0
13529.0
12471.0
13277.0
12781.0
13111.0
12356.0
12296.0
12233.0
12753.0
12789.0
12946.0
13069.0
12539.0
12692.0
13618.0
13079.0
12952.0
12544.0
12402.0
12269.0
12665.0
12047.0
12695.0
13643.0
12499.0
12405.0
12534.0
12962.0
12494.0
12816.0
12848.0
12729.0
12092.0
12447.0
12375.0
12386.0
12853.0
12404.0
13238.0
12402.0
12638.0
12809.0
12444.0
12155.0
13057.0
13463.0
12872.0
12804.0
13196.0
12650.0
12299.0
12260.0
12376.0
12076.0
12055.0
12150.0
12094.0
12837.0
12641.0
12257.0
12212.0
12241.0
12384.0
12927.0
12329.0
12247.0
12383.0
12566.0
12581.0
13114.0
12831.0
12638.0
12299.0
12819.0
12155.0
13453.0
12860.0
13518.0
12723.0
13136.0
13336.0
13475.0
13318.0
13628.0
12768.0
12890.0
13837.0
14521.0
12519.0
12500.0
12599.0
13729.0
12439.0
13120.0
13470.0
14218.0
12563.0
12861.0
14235.0
13183.0
12517.0
13037.0
14455.0
13021.0
12833.0
12269.0
12894.0
12948.0
12298.0
14237.0
12931.0
14133.0
12287.0
13882.0
12037.0
13604.0
14205.0
12614.0
12180.0
12283.0
12694.0
11718.0
12448.0
13061.0
12347.0
13081.0
13126.0
13270.0
12572.0
13258.0
13509.0
12622.0
13152.0
12236.0
13185.0
13499.0
12928.0
12960.0
13190.0
14686.0
12990.0
13720.0
13073.0
13808.0
13522.0
13599.0
13227.0
13402.0
13437.0
13143.0
13260.0
14173.0
14385.0
12904.0
13721.0
13806.0
13861.0
13082.0
13595.0
13986.0
13664.0
13199.0
13319.0
12892.0
14219.0
13182.0
13542.0
13386.0
12813.0
13886.0
12656.0
13621.0
13721.0
13434.0
13732.0
14140.0
14019.0
14267.0
13779.0
13282.0
13574.0
13668.0
14103.0
13165.0
13740.0
13121.0
12954.0
13820.0
13522.0
12949.0
13202.0
13074.0
12962.0
12664.0
12593.0
13496.0
13435.0
13404.0
12764.0
13443.0
13171.0
12642.0
13262.0
14571.0
12798.0
15158.0
13150.0
15634.0
14386.0
12535.0
12615.0
12678.0
12591.0
12473.0
14873.0
14852.0
12630.0
12848.0
12578.0
14669.0
12663.0
12918.0
14674.0
16005.0
14719.0
15383.0
15842.0
15175.0
14843.0
15537.0
16517.0
14993.0
15493.0
14740.0
14756.0
14254.0
14478.0
11261.0
15891.0
15955.0
15113.0
16194.0
15103.0
15944.0
15875.0
15101.0
15116.0
14902.0
14867.0
14559.0
14903.0
14996.0
15019.0
14963.0
15285.0
15167.0
14925.0
14960.0
14862.0
14806.0
14805.0
14924.0
14954.0
14748.0
14932.0
14834.0
14846.0
14859.0
14838.0
14182.0
14542.0
15245.0
15425.0
14927.0
15038.0
15245.0
14946.0
14920.0
14974.0
15211.0
15862.0
15796.0
14752.0
14938.0
15033.0
15195.0
15212.0
15270.0
14978.0
15234.0
14945.0
15106.0
14976.0
14816.0
15201.0
14993.0
15158.0
14826.0
15058.0
15006.0
15438.0
15075.0
14945.0
14710.0
14980.0
14801.0
15755.0
14569.0
14560.0
14582.0
15452.0
14805.0
14730.0
14838.0
15580.0
15389.0
15799.0
14850.0
15318.0
15999.0
14569.0
15048.0
15442.0
15484.0
15279.0
15371.0
14678.0
14948.0
14706.0
14570.0
15338.0
15062.0
15186.0
12096.0
15018.0
10998.0
15338.0
15053.0
14759.0
15336.0
14750.0
14804.0
15791.0
15535.0
15153.0
15367.0
15231.0
15827.0
15142.0
15231.0
15480.0
15405.0
14485.0
15048.0
15512.0
14082.0
14255.0
13927.0
16040.0
15108.0
14794.0
14525.0
13810.0
14331.0
14255.0
15252.0
15415.0
15651.0
14497.0
15673.0
14731.0
15747.0
15288.0
14683.0
14398.0
14485.0
14303.0
14179.0
13772.0
14340.0
14193.0
14075.0
14067.0
13740.0
14063.0
13873.0
13852.0
13950.0
13922.0
13980.0
13353.0
13780.0
13666.0
13460.0
13996.0
13439.0
13475.0
13774.0
13579.0
13819.0
13857.0
14104.0
13555.0
13952.0
13316.0
13542.0
13504.0
14147.0
14184.0
14469.0
13453.0
13431.0
13812.0
13956.0
13517.0
13608.0
13610.0
13532.0
13824.0
13778.0
13683.0
13855.0
13502.0
13564.0
13870.0
13396.0
13882.0
13672.0
13775.0
13422.0
13806.0
13893.0
13597.0
13494.0
14005.0
13829.0
14141.0
13388.0
13904.0
13686.0
13585.0
13422.0
13977.0
14468.0
13989.0
14114.0
13598.0
14093.0
13848.0
14077.0
13744.0
14448.0
14799.0
14477.0
14099.0
14832.0
14460.0
14687.0
14131.0
16025.0
14765.0
16390.0
14695.0
15637.0
15687.0
15061.0
14575.0
14936.0
15009.0
15135.0
15690.0
16133.0
14326.0
13857.0
14263.0
15341.0
14438.0
14443.0
15674.0
14427.0
13848.0
14070.0
14235.0
13407.0
13640.0
13383.0
14942.0
14103.0
13707.0
13509.0
13156.0
13230.0
13639.0
14447.0
13827.0
14098.0
14021.0
14218.0
13720.0
14800.0
14310.0
13880.0
13431.0
13891.0
13680.0
13774.0
13328.0
13520.0
13449.0
13603.0
13290.0
13693.0
13303.0
13097.0
13591.0
13105.0
13716.0
13276.0
13050.0
13174.0
13384.0
12912.0
13449.0
13573.0
13035.0
13150.0
13625.0
13195.0
13403.0
13568.0
12846.0
13517.0
13003.0
12975.0
13034.0
13651.0
14026.0
13624.0
13108.0
13203.0
13258.0
13323.0
13065.0
13311.0
13134.0
13130.0
13033.0
13746.0
13322.0
13021.0
13682.0
12978.0
13170.0
13143.0
13347.0
13290.0
13444.0
13052.0
13097.0
13603.0
13144.0
13055.0
14331.0
13297.0
12910.0
13062.0
13505.0
12987.0
13343.0
13028.0
13122.0
14514.0
13941.0
13537.0
13447.0
13448.0
13084.0
13391.0
13126.0
13786.0
13657.0
13789.0
13458.0
14205.0
13725.0
13973.0
13607.0
15219.0
14222.0
14303.0
14509.0
14863.0
14574.0
13856.0
13800.0
14224.0
13968.0
13491.0
14539.0
14616.0
13402.0
13177.0
13229.0
14655.0
13619.0
13849.0
14608.0
15533.0
14616.0
14340.0
14774.0
14053.0
14020.0
14287.0
15407.0
14294.0
14129.0
13799.0
14078.0
13918.0
13986.0
14855.0
14134.0
15261.0
14150.0
15312.0
14356.0
15329.0
15058.0
14620.0
13906.0
14042.0
14275.0
14309.0
14771.0
14830.0
13928.0
14277.0
14166.0
14186.0
13782.0
13682.0
14627.0
13764.0
14247.0
14225.0
13761.0
13720.0
13792.0
13657.0
14407.0
14376.0
13788.0
14331.0
13724.0
13556.0
13807.0
13805.0
13865.0
13762.0
13803.0
14011.0
13758.0
14224.0
14074.0
13917.0
13754.0
14041.0
13808.0
14219.0
14048.0
13306.0
13595.0
13414.0
13239.0
13557.0
13716.0
13045.0
14393.0
13165.0
13300.0
13710.0
13272.0
13388.0
13946.0
13504.0
13756.0
13607.0
13306.0
13389.0
12904.0
12930.0
13120.0
12882.0
13350.0
13372.0
13064.0
13118.0
13469.0
13404.0
13319.0
12864.0
13189.0
12863.0
13119.0
13573.0
13077.0
13352.0
13308.0
14102.0
13531.0
13695.0
13600.0
13356.0
13451.0
14687.0
13425.0
14329.0
13852.0
14451.0
14656.0
14289.0
13570.0
14459.0
13698.0
13947.0
14957.0
15188.0
13666.0
13504.0
13565.0
15169.0
13543.0
14441.0
14934.0
16087.0
15636.0
15322.0
15982.0
14810.0
14922.0
14795.0
16557.0
15223.0
14827.0
15179.0
14468.0
14736.0
14956.0
16368.0
15364.0
16107.0
15635.0
16025.0
15226.0
16468.0
16097.0
16066.0
15354.0
14911.0
14647.0
14743.0
14464.0
14971.0
14415.0
15082.0
14599.0
14697.0
14607.0
14595.0
15117.0
14272.0
14834.0
14702.0
14462.0
14191.0
14720.0
14019.0
14773.0
14563.0
14147.0
14097.0
13829.0
14273.0
14223.0
13921.0
14590.0
14285.0
14077.0
14344.0
13892.0
14251.0
14688.0
14580.0
14262.0
14121.0
13980.0
14285.0
14295.0
14488.0
13836.0
14613.0
14012.0
14492.0
14320.0
14054.0
14676.0
14031.0
0.0
14174.0
15438.0
14070.0
15210.0
14289.0
14569.0
13990.0
13742.0
14512.0
14143.0
13964.0
13735.0
14057.0
13914.0
13926.0
13709.0
14238.0
14062.0
14475.0
14221.0
13989.0
14096.0
13957.0
14226.0
14220.0
0.0
18499.0
14704.0
15151.0
14578.0
14940.0
14375.0
15056.0
14491.0
16294.0
15140.0
15743.0
14926.0
16229.0
16256.0
15578.0
15078.0
16066.0
15071.0
15026.0
16163.0
16770.0
14815.0
14773.0
14549.0
15710.0
14998.0
14980.0
15960.0
16062.0
15302.0
15395.0
15882.0
15384.0
15299.0
15291.0
16057.0
15252.0
15335.0
15332.0
15574.0
15235.0
15616.0
16267.0
15216.0
15535.0
15436.0
16066.0
15331.0
16199.0
16180.0
15694.0
15358.0
15432.0
14978.0
15423.0
15378.0
15709.0
15633.0
15757.0
15620.0
15565.0
15842.0
15327.0
15967.0
15442.0
15855.0
15874.0
15679.0
15252.0
15807.0
15274.0
15595.0
15842.0
15396.0
15148.0
15563.0
15388.0
15200.0
15482.0
15288.0
15273.0
16055.0
15289.0
14941.0
15258.0
15626.0
15493.0
15310.0
15156.0
15186.0
15197.0
15439.0
14948.0
14613.0
14840.0
15009.0
14775.0
14871.0
15243.0
15922.0
14937.0
14639.0
14796.0
14937.0
15073.0
16052.0
14858.0
15520.0
14834.0
14196.0
14966.0
14816.0
14859.0
14920.0
14716.0
14834.0
14935.0
14816.0
15619.0
15208.0
14875.0
14549.0
14955.0
14805.0
14885.0
14704.0
14909.0
14820.0
14551.0
14692.0
15923.0
14796.0
14667.0
14886.0
14891.0
14815.0
15530.0
15295.0
15643.0
15063.0
15831.0
15953.0
15540.0
14588.0
15540.0
14931.0
14560.0
15713.0
16614.0
14928.0
15340.0
14785.0
14997.0
14847.0
15750.0
15785.0
15068.0
13248.0
13136.0
14990.0
13205.0
13169.0
13414.0
15446.0
13328.0
13387.0
13482.0
13464.0
13140.0
12780.0
15547.0
13268.0
15037.0
13315.0
15478.0
13318.0
15632.0
15170.0
13918.0
13224.0
12740.0
13007.0
13013.0
13364.0
13521.0
12855.0
13745.0
12915.0
13175.0
13665.0
13300.0
13730.0
13282.0
14307.0
13373.0
13362.0
13664.0
14257.0
13600.0
14338.0
14793.0
13909.0
14439.0
13792.0
14486.0
14763.0
13403.0
13950.0
14301.0
13874.0
13808.0
14091.0
14153.0
13994.0
13782.0
13787.0
14791.0
13660.0
13535.0
14689.0
14472.0
13630.0
13392.0
13843.0
13301.0
14420.0
13227.0
14927.0
13813.0
12993.0
14580.0
12856.0
13695.0
14522.0
13536.0
14785.0
14138.0
14086.0
14017.0
14222.0
13467.0
13491.0
13659.0
13826.0
13395.0
13282.0
13568.0
13040.0
13421.0
13513.0
13050.0
13181.0
13405.0
13148.0
12899.0
13175.0
13093.0
12763.0
14456.0
12507.0
12950.0
12594.0
13185.0
12476.0
14727.0
13157.0
14796.0
12803.0
15064.0
14695.0
13457.0
12976.0
13891.0
12988.0
13227.0
15327.0
15527.0
12896.0
13089.0
12756.0
15057.0
12552.0
13520.0
14762.0
14751.0
14267.0
14606.0
14867.0
13825.0
14218.0
13941.0
15277.0
14417.0
14467.0
14459.0
13698.0
14016.0
13932.0
15505.0
15062.0
14459.0
14222.0
14802.0
13984.0
14916.0
14722.0
14877.0
14193.0
14127.0
13836.0
13935.0
13526.0
14369.0
13746.0
14411.0
13586.0
13957.0
13481.0
13666.0
14101.0
13196.0
13561.0
13556.0
13185.0
13317.0
13211.0
13809.0
14201.0
16249.0
13550.0
15763.0
13268.0
16177.0
15883.0
13263.0
13603.0
13955.0
13524.0
13582.0
15549.0
16623.0
13620.0
13731.0
13432.0
16092.0
13117.0
13639.0
15452.0
15756.0
13750.0
13695.0
13794.0
13819.0
16188.0
13879.0
16245.0
13759.0
14295.0
15963.0
14236.0
13939.0
14272.0
13791.0
13912.0
16556.0
16156.0
15933.0
16268.0
14349.0
13899.0
13710.0
14355.0
14091.0
13655.0
13716.0
13836.0
14040.0
14067.0
14080.0
13907.0
14281.0
14168.0
13937.0
14722.0
14530.0
15050.0
14251.0
14416.0
15118.0
14321.0
14372.0
14398.0
15256.0
14532.0
14658.0
14807.0
15670.0
15196.0
14767.0
14810.0
15084.0
14909.0
14948.0
14908.0
15670.0
14647.0
14354.0
14395.0
15333.0
14542.0
14692.0
15348.0
14950.0
15186.0
15805.0
15303.0
15285.0
15218.0
15012.0
15818.0
15198.0
16410.0
15025.0
15326.0
14983.0
14942.0
15114.0
15803.0
14556.0
15035.0
14870.0
15322.0
14929.0
14745.0
14996.0
15031.0
14633.0
15183.0
14674.0
15380.0
14969.0
15086.0
15243.0
15247.0
15152.0
15187.0
15502.0
15400.0
13863.0
15708.0
15368.0
15324.0
15457.0
15454.0
15757.0
16406.0
16626.0
15702.0
16228.0
16052.0
16888.0
16928.0
15827.0
15952.0
16916.0
15668.0
16050.0
16810.0
17576.0
16128.0
16039.0
15641.0
16899.0
15951.0
15932.0
16407.0
17191.0
16564.0
16228.0
16649.0
16034.0
17493.0
16495.0
17380.0
16492.0
16142.0
17584.0
15962.0
16484.0
16431.0
17281.0
16725.0
17037.0
17345.0
16874.0
17925.0
16341.0
17147.0
16745.0
17121.0
16106.0
16354.0
16679.0
16438.0
16739.0
16291.0
16196.0
16491.0
16147.0
15836.0
15984.0
16009.0
16128.0
16464.0
15985.0
15690.0
16382.0
15745.0
15358.0
15656.0
15975.0
15459.0
15302.0
15639.0
15627.0
15577.0
15868.0
15684.0
15678.0
15153.0
15944.0
15060.0
15643.0
15844.0
15906.0
15856.0
15902.0
16155.0
15863.0
15533.0
13800.0
14042.0
13866.0
13964.0
13448.0
13843.0
13997.0
14494.0
13343.0
14488.0
13814.0
13730.0
13632.0
13835.0
14332.0
14416.0
13437.0
13185.0
13639.0
13027.0
13709.0
13336.0
13633.0
13445.0
13560.0
13295.0
13456.0
13842.0
14065.0
13689.0
13738.0
13756.0
13461.0
13696.0
13709.0
13944.0
13900.0
14062.0
13864.0
13993.0
13355.0
13678.0
14160.0
14393.0
15512.0
14748.0
15048.0
14491.0
15614.0
15316.0
14179.0
14284.0
15026.0
14486.0
14439.0
16131.0
15915.0
14783.0
14555.0
14428.0
15668.0
13923.0
14196.0
15881.0
14995.0
14209.0
14132.0
14630.0
14002.0
15335.0
14005.0
15856.0
14561.0
13865.0
15528.0
13771.0
14382.0
14150.0
14091.0
14807.0
15289.0
15400.0
15718.0
15683.0
14556.0
14729.0
14185.0
14896.0
14162.0
13944.0
14131.0
14058.0
13897.0
14366.0
14054.0
14141.0
13625.0
13749.0
13993.0
14039.0
14185.0
14100.0
14101.0
13726.0
14355.0
13434.0
13415.0
13640.0
13647.0
13463.0
13749.0
13802.0
13318.0
13718.0
13761.0
13642.0
13136.0
13631.0
12996.0
13616.0
13770.0
13820.0
13514.0
13666.0
13863.0
13317.0
14038.0
13610.0
13082.0
12487.0
13400.0
13210.0
13096.0
12844.0
13024.0
12829.0
12885.0
13102.0
12816.0
13039.0
12929.0
13009.0
13115.0
13335.0
12985.0
12300.0
12920.0
12559.0
12648.0
12792.0
12694.0
12733.0
12719.0
12558.0
12623.0
12922.0
12996.0
12761.0
13313.0
12815.0
13067.0
12988.0
12975.0
13225.0
12947.0
13329.0
13153.0
12879.0
13117.0
13126.0
12936.0
13354.0
14095.0
13483.0
543.0
13500.0
14171.0
12126.0
13241.0
13713.0
14076.0
13375.0
13804.0
14428.0
14269.0
14063.0
13399.0
12923.0
14447.0
13459.0
12956.0
14034.0
14292.0
13951.0
13209.0
13758.0
13170.0
14248.0
13249.0
14477.0
13653.0
13434.0
14270.0
12864.0
13276.0
13666.0
13033.0
13318.0
14067.0
14312.0
15193.0
14646.0
13421.0
12958.0
13549.0
14425.0
13040.0
13514.0
13006.0
13276.0
13885.0
13773.0
13183.0
12960.0
12926.0
13062.0
13076.0
13036.0
13619.0
13628.0
13145.0
12899.0
13349.0
13274.0
13122.0
12798.0
13355.0
12747.0
13112.0
13113.0
13291.0
13364.0
13353.0
13261.0
13254.0
13054.0
13012.0
13402.0
13451.0
13066.0
13372.0
13114.0
13508.0
13064.0
13098.0
12946.0
13578.0
13590.0
13481.0
13907.0
13211.0
13344.0
13574.0
13698.0
13279.0
13527.0
13594.0
13522.0
13004.0
13424.0
13695.0
13521.0
14022.0
13288.0
13707.0
13208.0
14314.0
13777.0
14288.0
13427.0
13343.0
13334.0
13656.0
13447.0
14442.0
13666.0
14395.0
13385.0
13189.0
13688.0
13793.0
13920.0
13780.0
14613.0
13382.0
13603.0
13724.0
14043.0
13770.0
14859.0
15755.0
14254.0
15030.0
14210.0
15046.0
14977.0
13679.0
14201.0
13935.0
13909.0
14090.0
14635.0
14575.0
13322.0
13401.0
13835.0
14898.0
13771.0
13342.0
15123.0
14423.0
14000.0
13516.0
13974.0
13242.0
14873.0
13609.0
15447.0
13108.0
13273.0
14480.0
12757.0
13792.0
14117.0
13389.0
14640.0
14857.0
14551.0
14329.0
14901.0
13599.0
13428.0
13235.0
13775.0
13629.0
13258.0
13274.0
13319.0
13047.0
13439.0
12998.0
13507.0
13308.0
13238.0
13453.0
12922.0
13505.0
13413.0
14380.0
12910.0
12943.0
12971.0
12998.0
12465.0
13165.0
12917.0
13162.0
12839.0
12948.0
12925.0
14035.0
13084.0
14283.0
13110.0
13433.0
13189.0
14132.0
13420.0
13336.0
12619.0
13456.0
13097.0
14166.0
13246.0
13761.0
13195.0
13705.0
13153.0
13783.0
13261.0
13749.0
13251.0
12887.0
14194.0
13232.0
13798.0
13542.0
13371.0
13593.0
14011.0
13827.0
13391.0
13296.0
13512.0
14457.0
13049.0
14983.0
13067.0
13346.0
13262.0
13337.0
0.0
14210.0
13814.0
14500.0
13781.0
13629.0
13871.0
13150.0
14269.0
13450.0
15590.0
13907.0
14009.0
13613.0
15020.0
14539.0
14561.0
16064.0
14245.0
15554.0
14235.0
15973.0
15247.0
14290.0
14496.0
14871.0
14358.0
14468.0
15204.0
15513.0
14315.0
14198.0
13913.0
15649.0
13746.0
13728.0
15929.0
14885.0
14014.0
13899.0
14304.0
13979.0
14996.0
13636.0
15412.0
13855.0
13117.0
15395.0
13513.0
13586.0
14285.0
14008.0
15458.0
14883.0
14439.0
14616.0
15073.0
13965.0
13751.0
13816.0
14299.0
13701.0
13258.0
13843.0
13760.0
14251.0
13823.0
13311.0
13359.0
13570.0
13156.0
13442.0
13080.0
13453.0
13114.0
14979.0
13219.0
13088.0
13031.0
13085.0
13438.0
13335.0
12951.0
12934.0
13320.0
12769.0
12998.0
15075.0
13036.0
14048.0
13302.0
13454.0
13410.0
14056.0
13332.0
14706.0
13259.0
13332.0
13359.0
15002.0
13326.0
14301.0
14738.0
15079.0
14478.0
14942.0
14675.0
14791.0
15029.0
14770.0
15002.0
14651.0
15222.0
14918.0
14835.0
14595.0
14643.0
14143.0
14328.0
14422.0
14518.0
14510.0
14031.0
14564.0
14384.0
14544.0
14810.0
14648.0
15281.0
15149.0
14848.0
15448.0
14786.0
14856.0
15200.0
15208.0
15495.0
15000.0
15658.0
15280.0
15320.0
14916.0
15292.0
15528.0
16051.0
16711.0
15650.0
16320.0
15641.0
16775.0
16180.0
15511.0
15863.0
16016.0
15328.0
15531.0
16723.0
16690.0
15352.0
15578.0
15394.0
16822.0
15303.0
14905.0
16526.0
15490.0
15089.0
14966.0
15201.0
14752.0
16080.0
15302.0
16903.0
15695.0
14977.0
15843.0
15420.0
14891.0
15956.0
14808.0
15560.0
15190.0
15476.0
15271.0
15955.0
14942.0
15436.0
15027.0
15217.0
14595.0
15315.0
14878.0
15303.0
15165.0
14632.0
14301.0
14758.0
14488.0
14525.0
14505.0
14665.0
14429.0
14715.0
15646.0
14535.0
14061.0
14535.0
14030.0
14386.0
14080.0
14057.0
14351.0
14225.0
14000.0
14200.0
15658.0
14118.0
15215.0
14233.0
14785.0
14441.0
15004.0
14718.0
14858.0
14403.0
14605.0
14723.0
15233.0
14287.0
15099.0
14751.0
14578.0
15199.0
14483.0
14790.0
13949.0
14960.0
14666.0
14639.0
14107.0
15191.0
14524.0
14249.0
15073.0
14820.0
15186.0
14880.0
15393.0
14606.0
15625.0
15262.0
15212.0
14629.0
14570.0
14173.0
14412.0
14050.0
14626.0
14390.0
15100.0
14202.0
14384.0
13795.0
14086.0
14458.0
13512.0
14238.0
13938.0
13850.0
13717.0
13901.0
13894.0
14459.0
16801.0
14165.0
16074.0
13745.0
16020.0
16208.0
14142.0
13863.0
13906.0
13642.0
14071.0
16484.0
16450.0
14003.0
14519.0
13949.0
16359.0
13900.0
14032.0
16582.0
16076.0
14071.0
13987.0
13653.0
13768.0
16237.0
13846.0
16812.0
13823.0
13904.0
16246.0
14159.0
13528.0
14967.0
13405.0
14909.0
16440.0
16064.0
15854.0
0.0
14018.0
13685.0
13561.0
13725.0
13460.0
13320.0
13431.0
13723.0
13905.0
13833.0
13945.0
13640.0
13708.0
13936.0
13963.0
13836.0
14118.0
14135.0
15122.0
14519.0
14540.0
14099.0
14286.0
14466.0
14449.0
14151.0
15140.0
14620.0
15123.0
15075.0
15624.0
14347.0
15420.0
14470.0
14440.0
15295.0
15816.0
14020.0
13890.0
14226.0
15101.0
14110.0
15580.0
15394.0
13135.0
12251.0
13262.0
12789.0
12754.0
12483.0
12312.0
13642.0
12453.0
13340.0
12652.0
12833.0
12620.0
12466.0
13050.0
13123.0
12828.0
12292.0
12595.0
12395.0
13021.0
12759.0
12871.0
12444.0
12650.0
12418.0
12172.0
12346.0
12616.0
12678.0
12901.0
12747.0
12589.0
12731.0
12660.0
12838.0
12402.0
13042.0
12639.0
12692.0
12688.0
12528.0
12509.0
13200.0
13386.0
12843.0
13250.0
12587.0
13518.0
13166.0
12547.0
13235.0
13761.0
12906.0
13038.0
13891.0
14189.0
13177.0
13175.0
12390.0
13357.0
12379.0
12799.0
13336.0
13698.0
13112.0
13111.0
13350.0
12937.0
13681.0
13152.0
13724.0
13095.0
12476.0
13760.0
12945.0
13037.0
13043.0
12728.0
13156.0
13720.0
13648.0
13610.0
14181.0
13032.0
12928.0
13119.0
13313.0
13262.0
12866.0
13194.0
12733.0
13774.0
13372.0
12752.0
12845.0
12905.0
12895.0
12986.0
13067.0
13125.0
13238.0
12919.0
12624.0
13222.0
12839.0
12857.0
12730.0
13747.0
12760.0
13004.0
12905.0
12935.0
13167.0
13232.0
12672.0
12955.0
12543.0
12757.0
13134.0
13235.0
12705.0
12754.0
12504.0
13088.0
12847.0
12857.0
13069.0
13608.0
13262.0
13631.0
13985.0
12981.0
12864.0
12906.0
13850.0
12979.0
13499.0
12878.0
13482.0
13081.0
13265.0
13405.0
13626.0
13363.0
13037.0
13719.0
12888.0
13614.0
13219.0
13293.0
12667.0
12641.0
12937.0
13063.0
13101.0
13286.0
13085.0
13536.0
13215.0
13471.0
12833.0
13039.0
13361.0
13066.0
13533.0
12999.0
13097.0
12968.0
12722.0
12606.0
13409.0
14140.0
12938.0
14073.0
13591.0
14248.0
13398.0
13416.0
13052.0
14014.0
13097.0
13362.0
13978.0
14731.0
13438.0
13421.0
12971.0
13862.0
12824.0
13444.0
13990.0
13765.0
13021.0
12779.0
13269.0
12789.0
13897.0
13154.0
13877.0
13368.0
13137.0
13650.0
12743.0
12992.0
13031.0
13138.0
13357.0
13019.0
13589.0
13808.0
14272.0
13246.0
13210.0
12947.0
13434.0
12860.0
12977.0
13207.0
13111.0
13946.0
13561.0
12825.0
12911.0
12850.0
13098.0
13235.0
12831.0
13807.0
13341.0
13100.0
12859.0
13202.0
12960.0
12590.0
13140.0
13775.0
12610.0
13889.0
13113.0
13439.0
13602.0
13229.0
13525.0
12838.0
12893.0
13088.0
13349.0
13646.0
12891.0
12908.0
13297.0
13540.0
12798.0
12918.0
13720.0
14245.0
13154.0
13920.0
13992.0
13218.0
12942.0
12856.0
14461.0
13219.0
13748.0
12991.0
12992.0
12939.0
13141.0
13976.0
13787.0
13848.0
13064.0
13545.0
13249.0
14682.0
14055.0
13576.0
12840.0
13235.0
13444.0
13114.0
13040.0
13278.0
12959.0
13414.0
13012.0
12939.0
13185.0
13046.0
13216.0
13011.0
13206.0
13289.0
13133.0
12992.0
13154.0
13353.0
13164.0
13478.0
13081.0
13492.0
13206.0
13375.0
13635.0
13206.0
13117.0
13938.0
13112.0
12951.0
13612.0
14379.0
13708.0
13946.0
13070.0
13483.0
13235.0
13435.0
13732.0
13834.0
13801.0
13317.0
13379.0
13347.0
13499.0
12950.0
13683.0
13201.0
13064.0
13071.0
12989.0
12988.0
13260.0
12836.0
13478.0
13437.0
13457.0
13605.0
13642.0
12985.0
13224.0
12720.0
13779.0
12984.0
12654.0
13066.0
13063.0
13357.0
13459.0
12937.0
13085.0
12952.0
12833.0
12864.0
13105.0
13634.0
13516.0
13358.0
13037.0
13632.0
12636.0
13114.0
12790.0
13822.0
13506.0
13554.0
13407.0
13956.0
13607.0
13202.0
12971.0
13306.0
13069.0
13030.0
13902.0
13868.0
12848.0
13070.0
13015.0
13677.0
13185.0
13297.0
13405.0
13917.0
13374.0
13816.0
13933.0
12987.0
12870.0
13096.0
14389.0
13353.0
13312.0
13193.0
13198.0
13157.0
13208.0
14032.0
13827.0
13884.0
12996.0
13930.0
13173.0
14495.0
13440.0
13239.0
12894.0
12860.0
12853.0
13093.0
13402.0
13273.0
13109.0
13602.0
13157.0
13094.0
12727.0
12777.0
13292.0
12846.0
12882.0
12837.0
13133.0
12736.0
12890.0
12770.0
13179.0
13157.0
13134.0
12734.0
12846.0
13284.0
13106.0
13008.0
12961.0
13193.0
12705.0
12905.0
13214.0
13658.0
13548.0
13647.0
12974.0
12871.0
12936.0
13433.0
12954.0
13260.0
13273.0
13173.0
13304.0
13248.0
13538.0
13016.0
13912.0
13185.0
13111.0
13546.0
13188.0
13193.0
13108.0
13286.0
13193.0
13425.0
13538.0
13734.0
13892.0
13724.0
13196.0
12885.0
13571.0
13165.0
13086.0
13241.0
13321.0
13654.0
13372.0
13193.0
13253.0
13053.0
13765.0
12888.0
13148.0
13631.0
13508.0
13046.0
13301.0
13976.0
13139.0
13340.0
13037.0
14754.0
13648.0
14211.0
13499.0
14389.0
14520.0
13239.0
13699.0
13575.0
13704.0
13331.0
13816.0
14246.0
13241.0
13049.0
13213.0
13645.0
13183.0
13602.0
14029.0
13944.0
13162.0
12715.0
13901.0
12944.0
12212.0
12841.0
13922.0
13458.0
13019.0
13082.0
13052.0
13441.0
12811.0
13326.0
12816.0
13901.0
13095.0
14106.0
13541.0
13860.0
13869.0
13374.0
12922.0
13409.0
12828.0
12635.0
12931.0
13122.0
13174.0
13143.0
12818.0
13160.0
13362.0
13238.0
13424.0
12678.0
13086.0
12711.0
12759.0
12838.0
12581.0
12909.0
13500.0
13571.0
12950.0
12973.0
12611.0
13571.0
12852.0
12738.0
12760.0
12860.0
12956.0
13222.0
13009.0
13024.0
12908.0
12772.0
12956.0
13676.0
12469.0
12866.0
13637.0
12558.0
12492.0
12674.0
12914.0
12595.0
12276.0
12657.0
13238.0
12632.0
12476.0
12456.0
12536.0
12470.0
12989.0
12206.0
13571.0
12890.0
12228.0
12421.0
12914.0
12286.0
12408.0
11973.0
12387.0
12372.0
12218.0
11973.0
13016.0
12263.0
13171.0
12205.0
12693.0
12117.0
12628.0
12335.0
12016.0
12496.0
12547.0
13653.0
12150.0
12493.0
11797.0
12694.0
12526.0
13257.0
12456.0
13088.0
12486.0
13284.0
13066.0
13145.0
12591.0
13963.0
12377.0
12880.0
13056.0
13824.0
12741.0
12416.0
12379.0
12960.0
12623.0
13060.0
13325.0
13165.0
12481.0
12733.0
12820.0
12317.0
12145.0
12604.0
13392.0
12518.0
12544.0
12611.0
12641.0
12381.0
12201.0
13007.0
12863.0
13253.0
12815.0
13267.0
12714.0
13423.0
13274.0
12696.0
12510.0
12694.0
12497.0
12631.0
12282.0
13319.0
12355.0
12684.0
12826.0
12393.0
12306.0
12701.0
12317.0
12443.0
12755.0
12499.0
12343.0
12482.0
12567.0
12309.0
13106.0
12831.0
12449.0
12602.0
12497.0
12869.0
12783.0
12454.0
12570.0
12429.0
12459.0
12454.0
12346.0
12833.0
12236.0
12466.0
12314.0
12900.0
12398.0
12081.0
12972.0
12761.0
12137.0
12270.0
12011.0
12398.0
12720.0
12069.0
13350.0
12301.0
11940.0
12620.0
12204.0
12120.0
12971.0
12195.0
12493.0
12693.0
12502.0
12417.0
12345.0
12150.0
12208.0
12195.0
12109.0
12126.0
12098.0
12183.0
12131.0
12061.0
12109.0
12163.0
11874.0
12200.0
12000.0
12001.0
12125.0
11982.0
12345.0
12755.0
11861.0
12079.0
11963.0
12211.0
12286.0
12737.0
12073.0
12777.0
12400.0
12737.0
12730.0
13026.0
12515.0
12997.0
12298.0
12345.0
13224.0
13571.0
12060.0
12176.0
12090.0
13117.0
12410.0
12839.0
12985.0
13157.0
12568.0
12406.0
12896.0
12830.0
12225.0
12828.0
13253.0
12345.0
12702.0
12437.0
12471.0
12532.0
12253.0
12960.0
12655.0
12909.0
12587.0
13237.0
12471.0
13239.0
13118.0
13188.0
12441.0
12374.0
12452.0
12404.0
12421.0
13021.0
12553.0
12951.0
12454.0
12483.0
12753.0
12601.0
12954.0
12434.0
12948.0
12438.0
12600.0
12550.0
12880.0
12552.0
13117.0
13855.0
12823.0
13076.0
12351.0
13370.0
13009.0
12494.0
12424.0
12575.0
12986.0
12691.0
13071.0
13381.0
12711.0
12610.0
12703.0
13687.0
12927.0
12682.0
13079.0
12650.0
12514.0
12286.0
12346.0
12064.0
13134.0
12442.0
13047.0
12737.0
12185.0
12795.0
12131.0
12390.0
13041.0
12278.0
12906.0
12703.0
12820.0
12825.0
12991.0
12810.0
12225.0
12522.0
12271.0
12204.0
12343.0
12097.0
12351.0
12335.0
12420.0
12272.0
12099.0
12129.0
11978.0
12227.0
12272.0
12192.0
12371.0
12850.0
12024.0
13387.0
12309.0
12224.0
12035.0
13057.0
12294.0
12848.0
12274.0
12673.0
12886.0
12612.0
12537.0
13130.0
12274.0
12321.0
13113.0
13336.0
12326.0
12114.0
12399.0
13312.0
12293.0
12716.0
12908.0
13416.0
13055.0
13302.0
13380.0
13241.0
13463.0
13162.0
13328.0
13154.0
13613.0
13139.0
13319.0
13291.0
12930.0
13242.0
13044.0
13922.0
13064.0
13407.0
12804.0
14017.0
14217.0
13555.0
13323.0
13173.0
13308.0
13492.0
13270.0
13622.0
13407.0
13906.0
16353.0
13231.0
13346.0
13491.0
14393.0
13404.0
14070.0
13200.0
13537.0
13626.0
13860.0
13500.0
13994.0
14814.0
13464.0
14249.0
13742.0
14400.0
13931.0
13521.0
13416.0
13630.0
13603.0
13403.0
14547.0
14392.0
13882.0
13281.0
13523.0
14139.0
13421.0
13165.0
14524.0
13817.0
13143.0
13089.0
13196.0
13053.0
14174.0
13399.0
14618.0
13119.0
13254.0
13783.0
13022.0
13207.0
13683.0
12986.0
13959.0
14073.0
14117.0
14068.0
14188.0
13182.0
13078.0
12916.0
13215.0
13020.0
13261.0
13092.0
13374.0
13052.0
13000.0
12831.0
13098.0
12942.0
12953.0
13184.0
13246.0
12819.0
13169.0
13949.0
12721.0
12559.0
12900.0
12507.0
13075.0
12860.0
12662.0
13322.0
12959.0
13281.0
13104.0
13956.0
13274.0
13620.0
13013.0
12587.0
13545.0
13751.0
12936.0
12857.0
13057.0
13523.0
12947.0
13473.0
13296.0
14910.0
14213.0
14489.0
14740.0
13609.0
14152.0
13908.0
15274.0
13978.0
14293.0
13903.0
14252.0
13515.0
14020.0
15097.0
14788.0
14897.0
14318.0
15212.0
13723.0
15068.0
14959.0
14345.0
14088.0
13730.0
14001.0
13818.0
13998.0
13859.0
13821.0
13816.0
13448.0
13753.0
13658.0
13840.0
13932.0
14159.0
13945.0
13662.0
13799.0
13585.0
13590.0
13281.0
13740.0
13929.0
13640.0
14059.0
13374.0
13467.0
13294.0
13484.0
13384.0
13905.0
13496.0
13479.0
13640.0
14316.0
14294.0
14542.0
13532.0
13280.0
13750.0
13708.0
13711.0
13675.0
13259.0
13358.0
13727.0
13828.0
13453.0
13927.0
14113.0
13675.0
13809.0
13659.0
13950.0
13753.0
13502.0
13827.0
13796.0
14054.0
14045.0
13696.0
14172.0
13582.0
13095.0
13682.0
13888.0
14126.0
13567.0
13872.0
13926.0
14061.0
14219.0
13448.0
13843.0
14004.0
13860.0
13831.0
14281.0
14472.0
14316.0
13899.0
14023.0
14437.0
13895.0
13935.0
14157.0
15039.0
13935.0
15017.0
14086.0
14802.0
15010.0
13863.0
14233.0
14306.0
13956.0
14518.0
14997.0
14975.0
13793.0
13861.0
13893.0
15208.0
13695.0
14168.0
14993.0
16206.0
15368.0
15633.0
16326.0
14491.0
15005.0
14623.0
17015.0
15519.0
15489.0
15584.0
14621.0
14538.0
14983.0
16783.0
15751.0
16186.0
15291.0
16349.0
15523.0
16460.0
15839.0
15996.0
15301.0
14730.0
14473.0
15163.0
14557.0
15601.0
14509.0
15744.0
14673.0
14665.0
14532.0
14430.0
15379.0
14552.0
15029.0
14666.0
14408.0
14302.0
14368.0
14319.0
14141.0
14554.0
14384.0
14352.0
14225.0
14307.0
14298.0
14497.0
14387.0
14759.0
13931.0
14069.0
14115.0
14857.0
15037.0
15386.0
14180.0
14374.0
14555.0
14849.0
14431.0
14510.0
14312.0
14711.0
14196.0
14801.0
14538.0
14346.0
14249.0
14176.0
14934.0
15100.0
14741.0
14373.0
14700.0
14720.0
14511.0
15136.0
13941.0
15037.0
14396.0
14459.0
14829.0
14721.0
14784.0
14315.0
14542.0
14334.0
14751.0
14913.0
15149.0
14923.0
14539.0
14830.0
14781.0
14642.0
14918.0
15230.0
15231.0
14944.0
15074.0
15661.0
14994.0
15381.0
15113.0
17107.0
15172.0
16569.0
15905.0
16534.0
16292.0
14806.0
15444.0
15637.0
15299.0
15792.0
16619.0
15852.0
14911.0
15027.0
14778.0
17109.0
14879.0
15146.0
16451.0
17768.0
16582.0
17120.0
18578.0
16085.0
16412.0
16463.0
18952.0
17070.0
17113.0
16819.0
16255.0
16243.0
16255.0
17865.0
17502.0
18240.0
16557.0
17652.0
16781.0
18176.0
17765.0
16848.0
16307.0
16212.0
16130.0
16574.0
15748.0
16574.0
15894.0
15978.0
16553.0
15338.0
15815.0
15695.0
16647.0
15614.0
16353.0
15500.0
15653.0
15768.0
15483.0
15417.0
15483.0
15327.0
15282.0
15405.0
15129.0
15715.0
14846.0
15816.0
15505.0
16221.0
15438.0
15321.0
15424.0
16463.0
17196.0
17242.0
15871.0
15316.0
15481.0
15845.0
15824.0
15934.0
15772.0
16047.0
15517.0
16311.0
15586.0
15704.0
15618.0
15921.0
16112.0
15513.0
16133.0
15618.0
16450.0
15630.0
16372.0
15475.0
15365.0
15395.0
16535.0
15431.0
15782.0
15652.0
15900.0
15509.0
15393.0
15839.0
15750.0
15829.0
16537.0
15650.0
15990.0
15594.0
16075.0
16001.0
16333.0
16689.0
16998.0
16627.0
16162.0
17269.0
16628.0
16923.0
16471.0
18208.0
16738.0
17829.0
16713.0
17862.0
17739.0
17414.0
16818.0
17118.0
16793.0
16693.0
17784.0
18459.0
16451.0
16051.0
16392.0
18019.0
16716.0
16940.0
18587.0
17485.0
15162.0
16062.0
17261.0
15200.0
15317.0
14913.0
17975.0
15603.0
15910.0
15395.0
15081.0
14973.0
14533.0
17455.0
17295.0
18666.0
14762.0
17427.0
15106.0
17135.0
17199.0
15167.0
14998.0
14646.0
14581.0
15012.0
15206.0
15300.0
14752.0
15527.0
14586.0
14564.0
15413.0
15102.0
15557.0
15115.0
15644.0
15199.0
15165.0
15660.0
15956.0
16385.0
15899.0
16567.0
16057.0
15919.0
16405.0
16812.0
16266.0
16094.0
16232.0
16727.0
16006.0
16198.0
17064.0
17331.0
16413.0
15730.0
15691.0
17785.0
15506.0
15697.0
16516.0
16612.0
16062.0
15615.0
16419.0
15868.0
16466.0
16446.0
15986.0
16200.0
15157.0
16565.0
15365.0
15869.0
16099.0
16083.0
17050.0
17222.0
16532.0
16592.0
17372.0
16080.0
15929.0
16322.0
17077.0
16138.0
15362.0
15925.0
15836.0
16400.0
16157.0
15500.0
16328.0
15666.0
15377.0
15643.0
15464.0
16469.0
15530.0
15423.0
15182.0
15808.0
15089.0
15578.0
15413.0
17816.0
15103.0
17566.0
15705.0
18262.0
17699.0
15549.0
15543.0
15547.0
15491.0
15771.0
17856.0
17855.0
15123.0
15100.0
15247.0
17837.0
14797.0
15532.0
17589.0
17118.0
15049.0
14658.0
17366.0
15055.0
14828.0
15186.0
17725.0
15357.0
15692.0
15329.0
15103.0
15145.0
15016.0
17203.0
15464.0
17378.0
15371.0
17253.0
15283.0
17626.0
17272.0
15910.0
15118.0
14859.0
14975.0
14929.0
15188.0
15955.0
14984.0
15693.0
15361.0
15441.0
15459.0
15233.0
15602.0
15508.0
16286.0
15241.0
15595.0
15834.0
15858.0
15704.0
16577.0
16981.0
15855.0
16624.0
15845.0
16568.0
16572.0
15839.0
15997.0
16573.0
16144.0
15480.0
16234.0
16341.0
15972.0
15741.0
15553.0
16394.0
16342.0
15735.0
16225.0
15792.0
15468.0
15803.0
16037.0
14971.0
15861.0
15239.0
16763.0
15849.0
14623.0
15849.0
14620.0
14970.0
16032.0
15597.0
16192.0
15751.0
15712.0
16201.0
15670.0
15582.0
15534.0
15218.0
16239.0
15484.0
15360.0
15175.0
14986.0
14876.0
15188.0
14702.0
14874.0
14963.0
14638.0
14800.0
14832.0
14642.0
14359.0
15405.0
14552.0
14835.0
14258.0
14708.0
14390.0
17056.0
14745.0
17079.0
14595.0
17041.0
17153.0
15605.0
14594.0
15666.0
15055.0
15102.0
17107.0
17088.0
14432.0
14594.0
14671.0
16877.0
14477.0
15249.0
17070.0
16727.0
15330.0
15756.0
16602.0
15167.0
14986.0
15138.0
16610.0
16059.0
15231.0
15919.0
15051.0
15649.0
14953.0
16407.0
16355.0
16556.0
15965.0
16205.0
15840.0
18605.0
16166.0
17319.0
15596.0
15497.0
15175.0
15617.0
14994.0
16150.0
15271.0
15477.0
15063.0
15444.0
15139.0
14957.0
15612.0
15297.0
15437.0
14924.0
14829.0
14601.0
14955.0
14235.0
15506.0
15098.0
15057.0
14487.0
14816.0
14155.0
14363.0
14821.0
14533.0
16068.0
14717.0
14874.0
14374.0
15371.0
15737.0
15069.0
14579.0
14067.0
14984.0
15450.0
14985.0
13982.0
14295.0
14999.0
14736.0
14911.0
14643.0
15000.0
14798.0
14058.0
15102.0
14176.0
14801.0
14770.0
15638.0
14516.0
15174.0
14637.0
14232.0
14252.0
14384.0
14367.0
14474.0
14410.0
14687.0
14059.0
14708.0
14771.0
14629.0
14465.0
14745.0
14863.0
14649.0
14971.0
14602.0
14779.0
14759.0
15260.0
15473.0
15872.0
14863.0
15488.0
15077.0
15371.0
15272.0
16664.0
15175.0
16390.0
15753.0
16580.0
16284.0
15968.0
15893.0
16550.0
15495.0
15650.0
16699.0
17217.0
14914.0
15385.0
15388.0
16399.0
15561.0
15532.0
16574.0
16668.0
15514.0
14917.0
16354.0
14968.0
15100.0
15075.0
16331.0
15199.0
15132.0
15591.0
14866.0
14803.0
14864.0
16186.0
15352.0
16425.0
15347.0
16250.0
14606.0
17123.0
16372.0
16163.0
15405.0
14774.0
15268.0
15274.0
14892.0
15645.0
15091.0
15115.0
14896.0
15216.0
14794.0
14757.0
15187.0
14531.0
15198.0
14486.0
14759.0
14723.0
14622.0
14349.0
15245.0
14708.0
14196.0
14392.0
14126.0
14517.0
14263.0
14540.0
14323.0
14446.0
14481.0
14704.0
14302.0
14651.0
14582.0
14996.0
14750.0
14888.0
14229.0
14655.0
14490.0
14134.0
13567.0
14725.0
13448.0
14993.0
13629.0
13530.0
15017.0
13255.0
14071.0
13006.0
13781.0
13533.0
14187.0
13884.0
14105.0
13334.0
13506.0
13575.0
13323.0
13460.0
13675.0
13936.0
13418.0
13317.0
13345.0
13234.0
14047.0
13727.0
13378.0
13788.0
13564.0
13649.0
13931.0
13517.0
13728.0
13660.0
14111.0
14622.0
14632.0
14621.0
15831.0
14288.0
14103.0
15278.0
14438.0
15401.0
14486.0
15230.0
15066.0
14556.0
13959.0
15426.0
14442.0
14389.0
15619.0
16544.0
13675.0
13965.0
13867.0
15197.0
14231.0
14995.0
14894.0
14437.0
13751.0
13656.0
14472.0
13403.0
13474.0
13528.0
14554.0
13995.0
13631.0
13664.0
13224.0
13196.0
13750.0
14557.0
13789.0
14660.0
13884.0
14407.0
13533.0
15614.0
14359.0
13601.0
13281.0
13405.0
13809.0
13301.0
13292.0
13942.0
13353.0
13884.0
13456.0
13723.0
13519.0
13371.0
13609.0
13469.0
13968.0
13344.0
13122.0
13184.0
13072.0
13131.0
13268.0
13908.0
13045.0
13532.0
13268.0
13543.0
13244.0
13050.0
13301.0
13470.0
13353.0
13401.0
13197.0
13454.0
13013.0
13427.0
13276.0
13541.0
13074.0
13406.0
13755.0
12730.0
12914.0
13173.0
12664.0
12763.0
13071.0
12796.0
13000.0
12786.0
13359.0
12949.0
13332.0
12843.0
13282.0
12805.0
13623.0
13211.0
12553.0
13010.0
12731.0
12356.0
12649.0
12298.0
12558.0
12609.0
12716.0
12498.0
12747.0
12543.0
13026.0
12459.0
12657.0
12711.0
12708.0
12767.0
12805.0
12758.0
13193.0
13680.0
12856.0
13241.0
13252.0
12781.0
13122.0
13890.0
13384.0
13889.0
13535.0
11867.0
12446.0
13433.0
13715.0
13790.0
13011.0
13683.0
13826.0
15245.0
13274.0
13020.0
13272.0
14161.0
13142.0
13572.0
14200.0
