7.34788079488412e-15 120.0
-0.3771790872285581 119.99940723160326
-0.75435444812641 119.99762893226928
-1.131522356399675 119.99466511956675
-1.5086790858280292 119.99051582277653
-1.8858209103016685 119.98518108289151
-2.262944103858015 119.97866095261614
-2.640044940718583 119.9709554963658
-3.017119695325677 119.96206479026642
-3.3941646423793617 119.95198892215345
-3.771176056874158 119.94072799157115
-4.148150214135896 119.9282821097716
-4.52508338985841 119.91465139971356
-4.901971860140489 119.89983599606127
-5.278811901522562 119.8838360451831
-5.6555997910235085 119.86665170515015
-6.03233180617747 119.84828314573464
-6.409004225070516 119.82873054840826
-6.785613326377576 119.80799410634037
-7.162155389399096 119.7860740243961
-7.538626694097854 119.76297051913431
-7.9150235211356 119.73868381880548
-8.291342151909967 119.71321416334942
-8.6675788685911 119.68656180439287
-9.043729954158431 119.65872700524712
-9.419791692437313 119.62971004090535
-9.795760368135875 119.59951119803985
-10.171632266881632 119.56813077499929
-10.547403675258208 119.53556908180572
-10.923070880842037 119.50182644015153
-11.298630172238948 119.46690318339624
-11.674077839120983 119.43079965656322
-12.049410172262952 119.39351621633632
-12.42462346357912 119.35505323105627
-12.799714006159753 119.31541108071714
-13.174678094307888 119.27459015696245
-13.549512023575826 119.23259086308146
-13.924212090801788 119.18941361400503
-14.298774594146494 119.14505883630169
-14.673195833129647 119.09952696817325
-15.047472108666652 119.05281845945058
-15.421599723105041 119.00493377158918
-15.795574980261076 118.9558733776645
-16.16939418545614 118.90563776236742
-16.543053645553414 118.85422742199934
-16.91654966899424 118.80164286446737
-17.289878565834645 118.74788460927921
-17.663036647781784 118.69295318753812
-18.03602022823031 118.63684914193763
-18.408825622298934 118.57957302675612
-18.781449146866727 118.52112540785149
-19.153887120609557 118.46150686265538
-19.526135864036366 118.40071798016764
-19.898191699525665 118.3387593609504
-20.270050951361767 118.2756316171222
-20.641709945771158 118.21133537235188
-21.013165010958684 118.14587126185249
-21.38441247714398 118.07923993237495
-21.755448676597616 118.01144204220168
-22.126269943677386 117.94247826114015
-22.496872614864508 117.8723492705162
-22.867253028799745 117.8010557631673
-23.237407526319718 117.72859844343574
-23.607332450492965 117.6549780271617
-23.97702414665611 117.5801952416761
-24.346478962449858 117.50425082579348
-24.715693247855263 117.42714552980466
-25.08466335522965 117.34888011546936
-25.45338563934274 117.26945535600863
-25.82185645741252 117.18887203609728
-26.190072169141413 117.10713095185606
-26.558029136752136 117.02423291084384
-26.925723725023662 116.94017873204956
-27.293152301327158 116.85496924588428
-27.660311235661766 116.76860529417281
-28.02719690069064 116.68108773014552
-28.393805671776644 116.59241741842985
-28.760133927018252 116.50259523504175
-29.126178047285205 116.41162206737711
-29.49193441625442 116.31949881420289
-29.857399420445624 116.22622638564832
-30.222569449257104 116.13180570319585
-30.587440895001258 116.0362376996721
-30.952010152940424 115.93952331923862
-31.31627362132235 115.84166351738251
-31.680227701415838 115.7426592609071
-32.04386879754631 115.64251152792228
-32.4071933171312 115.54122130783492
-32.77019767071568 115.43878960133902
-33.13287827200793 115.33521742040593
-33.495231537914634 115.23050578827417
-33.85725388857641 115.12465573943958
-34.21894174740307 115.01766831964486
-34.580291541109105 114.90954458586936
-34.9412996997489 114.80028560631862
-35.30196265675196 114.68989246041383
-35.66227684895826 114.57836623878111
-36.022238716653355 114.4657080432408
-36.381844703603605 114.3519189867965
-36.74109125709129 114.23700019362417
-37.09997482794964 114.12095279906097
-37.458491870598024 114.00377794959402
-37.8166388430769 113.88547680284913
-38.17441220708283 113.76605052757928
-38.53180842800345 113.64550030365321
-38.88882397495229 113.52382732204362
-39.24545532080381 113.40103278481547
-39.601698942228204 113.2771179051141
-39.957551319726065 113.15208390715328
-40.31300893766337 113.02593202620305
-40.66806828430608 112.89866350857754
-41.02272585185487 112.77027961162267
-41.376978136479806 112.64078160370369
-41.730821638354854 112.51017076419276
-42.08425286169261 112.37844838345615
-42.437268314778755 112.24561576284161
-42.78986451000656 112.11167421466544
-43.14203796391135 111.97662506219962
-43.49378519720485 111.84046963965864
-43.845102734809686 111.70320929218634
-44.19598710589367 111.56484537584265
-44.54643484390399 111.42537925759022
-44.896442486601586 111.28481231528082
-45.24600657609531 111.14314593764178
-45.5951236588761 111.00038152426232
-45.94379028585107 110.85652048557964
-46.29200301237755 110.71156424286502
-46.639758398297246 110.56551422820979
-46.987053007970104 110.41837188451117
-47.33388341030832 110.27013866545802
-47.68024617881021 110.12081603551644
-48.026137891594026 109.97040546991539
-48.37155513143185 109.81890845463202
-48.7164944857833 109.66632648637705
-49.0609525468292 109.51266107257997
-49.40492591150542 109.3579137313741
-49.74841118153622 109.20208599158168
-50.091404963468094 109.04517939269871
-50.43390386870314 108.88719548487971
-50.77590451353251 108.72813582892253
-51.117403519170075 108.56800199625275
-51.45839751178549 108.40679556890827
-51.79888312253765 108.24451813952375
-52.13885698760818 108.08117131131465
-52.47831574823425 107.91675669806162
-52.817256050742216 107.75127592409444
-53.15567454658036 107.58473062427599
-53.49356789235214 107.41712244398614
-53.83093274984938 107.24845303910539
-54.16776578608494 107.07872407599861
-54.50406367332579 106.90793723149862
-54.83982308912603 106.7360941928894
-55.1750407163594 106.56319665788973
-55.50971324325238 106.38924633463614
-55.84383736341666 106.21424494166622
-56.17740977588187 106.03819420790158
-56.51042718512836 105.8610958726307
-56.84288630111944 105.68295168549187
-57.17478383933427 105.5037634064558
-57.50611652079991 105.32353280580833
-57.83688107212397 105.14226166413287
-58.16707422552699 104.95995177229281
-58.496692718874485 104.77660493141386
-58.825733295709306 104.59222295286622
-59.154192705283954 104.40680765824673
-59.4820677025924 104.22036087936087
-59.80935504840244 104.03288445820453
-60.136051509287405 103.84438024694612
-60.46215385765843 103.65485010790783
-60.787658871796026 103.46429591354767
-61.11256333588206 103.27271954644074
-61.43686404003166 103.08012289926057
-61.76055778032464 102.88650787476064
-62.08364135883728 102.69187638575542
-62.406111583674104 102.49623035510145
-62.72796526899909 102.29957171567848
-63.04919923506731 102.10190241037033
-63.369810308256476 101.90322439204557
-63.68979532109797 101.7035396235384
-64.00915111230849 101.50285007762915
-64.32787452682095 101.30115773702482
-64.64596241581594 101.09846459433948
-64.9634116367527 100.89477265207462
-65.2802190534 100.6900839225994
-65.5963815358676 100.48440042813058
-65.91189596063658 100.2777242007128
-66.22675921059063 100.0700572821983
-66.54096817504674 99.86140172422684
-66.85451974978582 99.65175958820545
-67.16741083708341 99.44113294528803
-67.47963834574047 99.22952387635483
-67.79119919111355 99.01693447199203
-68.10209029514573 98.80336683247093
-68.41230858639656 98.58882306772736
-68.7218510000728 98.37330529734066
-69.0307144780584 98.15681565051291
-69.33889596894485 97.93935626604784
-69.64639242806142 97.72092929232953
-69.95320081750504 97.50153688730148
-70.25931810617034 97.28118121844514
-70.56474126977986 97.05986446275838
-70.86946729091358 96.8375888067342
-71.17349315903884 96.61435644633902
-71.47681587054034 96.39016958699095
-71.77943242874932 96.16503044353811
-72.08133984397368 95.9389412402366
-72.3825351335271 95.71190421072875
-72.68301532175886 95.48392159802073
-72.9827774400829 95.2549956544607
-73.28181852700736 95.02512864171645
-73.5801356281639 94.79432283075293
-73.87772579633663 94.56258050181002
-74.1745860914914 94.32990394437985
-74.47071358080494 94.09629545718425
-74.7661053386936 93.86175734815203
-75.06075844684236 93.62629193439619
-75.35466999423379 93.38990154219096
-75.64783707717652 93.15258850694894
-75.94025679933428 92.91435517319788
-76.23192627175415 92.67520389455768
-76.52284261289545 92.43513703371696
-76.81300294865794 92.19415696240986
-77.10240441241027 91.95226606139262
-77.3910441450185 91.70946672041985
-77.67891929487408 91.4657613382212
-77.9660270179221 91.2211523224775
-78.25236447768958 90.97564208979689
-78.53792884531319 90.72923306569126
-78.82271729956733 90.48192768455195
-79.10672702689219 90.23372838962582
-79.38995522142115 89.98463763299124
-79.67239908500893 89.73465787553361
-79.95405582725884 89.48379158692134
-80.2349226655507 89.23204124558116
-80.51499682506805 88.97940933867386
-80.79427553882567 88.72589836206966
-81.07275604769704 88.4715108203234
-81.3504356004414 88.21624922665005
-81.62731145373098 87.96011610289973
-81.90338087217825 87.70311397953272
-82.17864112836273 87.44524539559467
-82.45308950285806 87.18651289869139
-82.7267232842589 86.9269190449636
-82.99953976920756 86.66646639906193
-83.27153626242095 86.40515753412126
-83.5427100767169 86.14299503173561
-83.81305853304103 85.87998148193232
-84.08257896049295 85.61611948314678
-84.35126869635279 85.35141164219661
-84.61912508610752 85.08586057425575
-84.88614548347707 84.81946890282894
-85.15232725044054 84.55223925972561
-85.41766775726232 84.28417428503379
-85.68216438251794 84.01527662709428
-85.94581451312003 83.74554894247434
-86.20861554434424 83.47499389594137
-86.47056487985472 83.20361416043679
-86.73165993173008 82.93141241704933
-86.99189812048868 82.65839135498898
-87.25127687511436 82.3845536715599
-87.50979363308159 82.10990207213423
-87.76744584038093 81.83443927012513
-88.02423095154437 81.55816798695994
-88.28014642967022 81.28109095205343
-88.53518974644834 81.00321090278082
-88.78935838218513 80.72453058445055
-89.04264982582833 80.44505275027741
-89.29506157499186 80.16478016135524
-89.5465911359806 79.88371558662955
-89.79723602381505 79.60186180287026
-90.04699376225565 79.31922159464432
-90.29586188382751 79.0357977542882
-90.54383792984473 78.75159308188002
-90.79091945043453 78.4666103852123
-91.03710400456161 78.18085247976407
-91.28238916005233 77.89432218867279
-91.52677249361851 77.60702234270684
-91.77025159088149 77.31895578023745
-92.0128240463961 77.03012534721043
-92.25448746367422 76.74053389711838
-92.49523945520856 76.4501842909723
-92.73507764249626 76.15907939727336
-92.97399965606242 75.86722209198452
-93.21200313548333 75.57461525850226
-93.44908572940996 75.28126178762805
-93.68524509559121 74.98716457753956
-93.92047890089691 74.69232653376235
-94.15478482134091 74.39675056914106
-94.38816054210423 74.10043960381044
-94.62060375755763 73.80339656516678
-94.85211217128453 73.5056243878389
-95.08268349610381 73.207126013659
-95.31231545409217 72.90790439163386
-95.54100577660687 72.60796247791541
-95.76875220430793 72.30730323577187
-95.99555248718066 72.00592963555809
-96.2214043845577 71.70384465468655
-96.44630566514122 71.40105127759779
-96.6702541070251 71.0975524957308
-96.89324749771666 70.79335130749372
-97.11528363415863 70.48845071823412
-97.33636032275099 70.18285374020914
-97.55647537937246 69.87656339255598
-97.77562662940221 69.56958270126201
-97.99381190774136 69.26191469913466
-98.21102905883426 68.95356242577184
-98.42727593668987 68.64452892753151
-98.64255040490293 68.33481725750192
-98.85685033667514 68.02443047547119
-99.070173614836 67.71337164789725
-99.28251813186384 67.40164384787754
-99.49388178990677 67.08925015511842
-99.70426250080314 66.7761936559051
-99.91365818610231 66.46247744307091
-100.12206677708525 66.14810461596674
-100.32948621478484 65.83307828043057
-100.53591445000625 65.51740154875668
-100.74134944334729 65.20107753966485
-100.94578916521841 64.88410937826976
-101.14923159586286 64.56650019604979
-101.35167472537655 64.24825313081645
-101.55311655372806 63.929371326683054
-101.75355509077816 63.60985793403389
-101.95298835629968 63.28971610949303
-102.15141437999705 62.968949015892996
-102.34883120152564 62.64755982224374
-102.54523687051123 62.3255517037013
-102.7406294465693 62.00292784153614
-102.93500699932409 61.67969142310217
-103.12836760842772 61.35584564180496
-103.32070936357925 61.03139369707022
-103.51203036454355 60.706338794312195
-103.70232872116974 60.380684144902276
-103.89160255341037 60.05443296613679
-104.07984999133969 59.72758848120547
-104.26706917517213 59.40015391915975
-104.45325825528076 59.07213251488066
-104.63841539221559 58.74352750904681
-104.8225387567216 58.41434214810263
-105.0056265297569 58.08457968422613
-105.18767690251079 57.75424337529667
-105.36868807642144 57.423336484863036
-105.54865826319377 57.091862282111066
-105.72758568481717 56.75982404183124
-105.90546857358301 56.42722504438637
-106.08230517210191 56.09406857567956
-106.2580937333215 55.760357927121156
-106.4328325205434 55.42609639559654
-106.60651980744042 55.091287283433616
-106.7791538780736 54.75593389837013
-106.95073302690933 54.42003955352078
-107.12125555883594 54.08360756734482
-107.29071978918064 53.74664126361312
-107.45912404372613 53.409143971375165
-107.62646665872704 53.0711190249265
-107.79274598092647 52.7325697637756
-107.95796036757231 52.39349953261078
-108.1221081864335 52.053911681267245
-108.28518781581595 51.71380956469427
-108.44719764457886 51.37319654292157
-108.6081360721505 51.03207598102631
-108.76800150854393 50.69045124910003
-108.92679237437282 50.34832572221518
-109.08450710086711 50.00570278039167
-109.24114412988837 49.66258580856375
-109.3967019139452 49.31897819654642
-109.55117891620867 48.97488333900179
-109.70457361052739 48.63030463540588
-109.85688448144249 48.28524549001483
-110.00811002420288 47.939709311831194
-110.15824874477984 47.59369951457031
-110.30729915988184 47.24721951662692
-110.4552597969693 46.900272741040816
-110.60212919426912 46.55286261546333
-110.74790590078894 46.204992572123594
-110.89258847633172 45.85666604779443
-111.03617549150982 45.507886483758334
-111.17866552775915 45.15865732577373
-111.32005717735319 44.80898202404083
-111.46034904341698 44.45886403316731
-111.5995397399407 44.10830681213456
-111.73762789179361 43.75731382426333
-111.87461213473752 43.40588853717941
-112.01049111544026 43.05403442277944
-112.14526349148905 42.70175495719695
-112.27892793140381 42.34905362076738
-112.41148311465028 41.99593389799413
-112.5429277316531 41.64239927751411
-112.67326048380863 41.288453252063206
-112.80248008349798 40.93409931844162
-112.93058525409954 40.57934097747962
-113.05757473000168 40.224181734002805
-113.18344725661531 39.86862509679733
-113.30820159038616 39.51267457857554
-113.4318364988071 39.15633369594113
-113.55435076043034 38.79960596935427
-113.67574316487958 38.44249492309694
-113.79601251286174 38.085004085238246
-113.91515761617902 37.727136987599415
-114.03317729774056 37.368897165718764
-114.15007039157409 37.01028815881711
-114.26583574283738 36.65131350976259
-114.38047220782977 36.29197676503557
-114.49397865400334 35.93228147469385
-114.60635395997419 35.5722311923375
-114.7175970155335 35.211829475073564
-114.82770672165846 34.851079883481226
-114.93668199052318 34.48998598157649
-115.04452174550941 34.12855133677686
-115.15122492121716 33.76677951986619
-115.25679046347528 33.40467410495954
-115.36121732935176 33.04223866946773
-115.46450448716425 32.679476794061856
-115.56665091648998 32.31639206263823
-115.66765560817602 31.95298806228279
-115.76751756434926 31.58926838323556
-115.86623579842615 31.225236618855433
-115.96380933512252 30.860896365584555
-116.06023721046326 30.49625122291262
-116.15551847179174 30.131304793341616
-116.24965217777923 29.7660606823501
-116.34263739843436 29.400522498357454
-116.43447321511212 29.034693852688346
-116.52515872052301 28.668578359537154
-116.61469301874196 28.302179635932166
-116.70307522521733 27.93550130169968
-116.79030446677943 27.56854697942855
-116.87637988164931 27.201320294434243
-116.96130061944721 26.83382487472289
-117.04506584120097 26.466064350955712
-117.12767471935432 26.098042356413032
-117.20912643777503 25.729762526958257
-117.28942019176309 25.361228501002017
-117.36855518805842 24.992443919466588
-117.44653064484899 24.623412425749283
-117.52334579177837 24.254137665686823
-117.59899986995333 23.884623287519393
-117.67349213195145 23.51487294185447
-117.7468218418284 23.14489028163061
-117.8189882751253 22.774678962081662
-117.88999071887578 22.40424264070053
-117.9598284716131 22.033584977202835
-118.02850084337703 21.662709633491122
-118.09600715572071 21.291620273618488
-118.16234674171736 20.920320563752295
-118.2275189459668 20.548814172137998
-118.29152312460198 20.17710476906328
-118.3543586452953 19.80519602682115
-118.41602488726495 19.43309161967403
-118.47652124128095 19.060795223817536
-118.53584710967112 18.688310517343997
-118.59400190632721 18.315641180206022
-118.6509850567104 17.942790894180426
-118.70679599785721 17.56976334283169
-118.76143417838492 17.196562211475435
-118.8148990584971 16.823191187142328
-118.8671901099889 16.449653958541468
-118.91830681625224 16.07595421602388
-118.96824867228102 15.702095651546074
-119.01701518467601 15.32808195863396
-119.06460587164973 14.95391683234572
-119.11102026303128 14.579603969235665
-119.15625790027092 14.205147067317778
-119.20031833644458 13.83054982602907
-119.24320113625842 13.455815946192867
-119.28490587605293 13.08094912998258
-119.32543214380726 12.705953080884951
-119.36477953914323 12.330831503663324
-119.40294767332928 11.955588104321349
-119.43993616928437 11.580226590066216
-119.47574466158161 11.204750669271922
-119.51037279645203 10.829164051442689
-119.54382023178783 10.453470447176679
-119.57608663714598 10.077673568128716
-119.6071716937514 9.70177712697397
-119.63707509450009 9.325784837371339
-119.66579654396222 8.949700413926656
-119.69333575838499 8.573527572155825
-119.71969246569547 8.197270028448438
-119.74486640550326 7.820931500030897
-119.76885732910313 7.444515704929533
-119.79166499947735 7.068026361934188
-119.81328919129815 6.691467190561318
-119.83372969092993 6.314841911017142
-119.85298629643131 5.9381542441609385
-119.87105881755718 5.56140791146866
-119.88794707576054 5.184606634995526
-119.9036509041943 4.807754137339628
-119.9181701477129 4.430854141605198
-119.93150466287385 4.053910371365726
-119.9436543179392 3.6769265506270106
-119.95461899287672 3.2999064037906902
-119.96439857936123 2.9228536556172844
-119.97299298077553 2.5457720311892356
-119.9804021122115 2.168665255874431
-119.98662590047078 1.791537055289233
-119.99166428406565 1.4143911552615689
-119.99551721321954 1.0372312817941738
-119.99818464986753 0.6600611610281529
-119.99966656765673 0.282884519205529
-119.99996295194661 -0.09429491736719663
-119.99907379980901 -0.4714734223558058
-119.99699912002832 -0.8486472694352839
-119.99373893310127 -1.2258127323267936
-119.98929327123679 -1.6029660848341691
-119.98366217835567 -1.9801036008808892
-119.97684571009016 -2.3572215545470483
-119.96884393378335 -2.7343162201058466
-119.95965692848858 -3.111383872060559
-119.94928478496865 -3.488420785181446
-119.93772760569486 -3.8654232345425075
-119.92498550484605 -4.242387495557905
-119.91105860830746 -4.6193098440194
-119.89594705366949 -4.996186556132779
-119.87965099022635 -5.3730139085545785
-119.86217057897457 -5.749788178428988
-119.8435059926114 -6.126505643424782
-119.82365741553312 -6.503162581771779
-119.8026250438332 -6.879755272297768
-119.78040908530043 -7.256279994465431
-119.75700975941675 -7.632733028408783
-119.73242729735519 -8.009110654970083
-119.70666194197752 -8.385409155736681
-119.67971394783187 -8.761624813077695
-119.65158358115025 -9.137753910180384
-119.62227111984586 -9.513792731087486
-119.59177685351035 -9.889737560733575
-119.56010108341106 -10.265584684981695
-119.52724412248787 -10.641330390660176
-119.49320629535028 -11.01697096559946
-119.45798793827407 -11.392502698668476
-119.42158939919807 -11.767921879811446
-119.38401103772065 -12.14322480008471
-119.34525322509626 -12.51840775169304
-119.30531634423168 -12.893467028026441
-119.26420078968223 -13.268398923696864
-119.22190696764794 -13.643199734574718
-119.17843529596949 -14.017865757825357
-119.13378620412412 -14.392393291945758
-119.08796013322132 -14.766778636801268
-119.04095753599853 -15.141018093661817
-118.99277887681667 -15.51510796523864
-118.9434246316555 -15.889044555720954
-118.89289528810899 -16.262824170812152
-118.84119134538042 -16.63644311776646
-118.7883133142775 -17.00989770542558
-118.73426171720735 -17.383184244254846
-118.67903708817127 -17.756299046379812
-118.6226399727595 -18.129238425622816
-118.56507092814584 -18.501998697539282
-118.50633052308214 -18.874576179454007
-118.44641933789264 -19.246967190497664
-118.3853379644683 -19.619168051643314
-118.32308700626092 -19.991175085742437
-118.25966707827719 -20.362984617561438
-118.19507880707256 -20.73459297381808
-118.12932283074517 -21.105996483217492
-118.0623997989294 -21.477191476488564
-117.99431037278958 -21.848174286420395
-117.92505522501335 -22.218941247898165
-117.85463503980512 -22.58948869793954
-117.78305051287923 -22.959812975730934
-117.71030235145305 -23.329910422663602
-117.63639127424014 -23.699777382369646
-117.561318011443 -24.069410200758274
-117.48508330474593 -24.438805226052033
-117.40768790730768 -24.807958808822594
-117.32913258375402 -25.176867302026942
-117.24941811017013 -25.545527061043586
-117.16854527409305 -25.913934443708236
-117.0865148745038 -26.28208581034994
-117.00332772181955 -26.649977523827168
-116.91898463788549 -27.01760594956367
-116.83348645596692 -27.384967455584025
-116.74683402074082 -27.752058412550163
-116.65902818828758 -28.118875193796825
-116.57006982608263 -28.485414175367374
-116.47995981298772 -28.851671736049692
-116.38869903924228 -29.21764425741209
-116.29628840645469 -29.58332812383877
-116.20272882759339 -29.9487197225657
-116.10802122697767 -30.313815443716436
-116.01216654026878 -30.678611680337518
-115.91516571446051 -31.043104828434217
-115.81701970786996 -31.407291287006274
-115.71772949012794 -31.77116745808339
-115.61729604216953 -32.13472974676046
-115.51572035622428 -32.497974561233676
-115.41300343580647 -32.86089831283565
-115.30914629570516 -33.22349741607081
-115.20414996197424 -33.58576828865097
-115.09801547192211 -33.947707351530816
-114.99074387410167 -34.309311028943
-114.8823362282998 -34.6705757484336
-114.77279360552696 -35.03149794089759
-114.66211708800651 -35.392074040613736
-114.5503077691642 -35.752300485280074
-114.4373667536172 -36.1121737160491
-114.32329515716322 -36.471690177562955
-114.2080941067696 -36.83084631798816
-114.09176474056198 -37.189638589051334
-113.97430820781328 -37.548063446073854
-113.85572566893214 -37.90611734800689
-113.7360182954516 -38.26379675746642
-113.61518727001746 -38.62109814076838
-113.49323378637659 -38.97801796796326
-113.37015904936521 -39.33455271287111
-113.24596427489683 -39.690698853116544
-113.12065068995048 -40.046452870163236
-112.99421953255835 -40.401811249348825
-112.86667205179367 -40.75677047991976
-112.73800950775833 -41.1113270550659
-112.60823317157057 -41.465477471954834
-112.4773443253522 -41.81921823176709
-112.34534426221606 -42.172545839730326
-112.21223428625328 -42.52545680515383
-112.07801571252031 -42.87794764146311
-111.94268986702593 -43.230014866234455
-111.80625808671822 -43.58165500122908
-111.66872171947136 -43.93286457242761
-111.53008212407215 -44.283640110064596
-111.3903406702068 -44.63397814866241
-111.24949873844729 -44.98387522706572
-111.10755772023768 -45.33332788847574
-110.96451901788046 -45.682332680484336
-110.82038404452271 -46.03088615510781
-110.67515422414205 -46.37898486882149
-110.52883099153254 -46.72662538259351
-110.38141579229074 -47.07380426191865
-110.23291008280111 -47.420518076852396
-110.08331533022185 -47.76676340204498
-109.93263301247032 -48.112536816774906
-109.78086461820848 -48.45783490498292
-109.62801164682809 -48.80265425530588
-109.47407560843601 -49.14699146111019
-109.31905802383922 -49.49084312052556
-109.16296042452981 -49.83420583647877
-109.00578435266983 -50.1770762167271
-108.84753136107608 -50.51945087389172
-108.68820301320476 -50.86132642549137
-108.52780088313607 -51.202699493975615
-108.36632655555849 -51.54356670675845
-108.20378162575341 -51.88392469625125
-108.04016769957903 -52.223770099896456
-107.87548639345482 -52.563099560200435
-107.70973933434536 -52.90190972476681
-107.54292815974424 -53.240197246329686
-107.37505451765803 -53.57795878278647
-107.20612006658988 -53.91519099723116
-107.03612647552319 -54.25189055798705
-106.86507542390513 -54.5880541386398
-106.69296860162993 -54.923678418070395
-106.5198077090224 -55.25876008048762
-106.34559445682092 -55.593295815461246
-106.17033056616064 -55.92728231795438
-105.99401776855657 -56.26071628835624
-105.8166578058862 -56.59359443251492
-105.63825243037256 -56.925913461769646
-105.45880340456682 -57.257670092983396
-105.27831250133079 -57.5888610485755
-105.09678150381959 -57.91948305655366
-104.91421220546377 -58.24953285054668
-104.73060640995189 -58.57900716983639
-104.54596593121252 -58.90790275939001
-104.36029259339631 -59.236216369892446
-104.17358823085803 -59.56394475777807
-103.98585468813843 -59.8910846852631
-103.79709381994607 -60.21763292037734
-103.6073074911389 -60.54358623699619
-103.41649757670584 -60.86894141487263
-103.22466596174836 -61.19369523966884
-103.03181454146181 -61.51784450298806
-102.8379452211166 -61.841386002406374
-102.64305991603953 -62.16431654150409
-102.44716055159472 -62.48663292989769
-102.25024906316474 -62.80833198327095
-102.0523273961314 -63.12941052340665
-101.85339750585648 -63.44986537821802
-101.65346135766255 -63.769693381779774
-101.45252092681339 -64.0888913743598
-101.25057819849465 -64.40745620245002
-101.04763516779417 -64.72538471879768
-100.84369383968209 -65.04267378243658
-100.63875622899138 -65.35932025871787
-100.43282436039772 -65.67532101934107
-100.22590026839941 -65.99067294238522
-100.01798599729759 -66.30537291233934
-99.80908360117566 -66.61941782013355
-99.59919514387929 -66.93280456316957
-99.38832269899592 -67.24553004535136
-99.17646834983417 -67.557591177116
-98.9636341894035 -67.86898487546374
-98.74982232039324 -68.179708063989
-98.53503485515205 -68.48975767291027
-98.319273915667 -68.7991306391007
-98.10254163354246 -69.10782390611838
-97.88484014997927 -69.41583442423644
-97.66617161575341 -69.72315915047311
-97.4465381911948 -70.02979504862206
-97.22594204616604 -70.33573908928209
-97.00438536004077 -70.64098824988724
-96.7818703216824 -70.9455395147366
-96.55839912942234 -71.24938987502401
-96.33397399103816 -71.55253632886804
-96.10859712373215 -71.85497588134133
-95.88227075410893 -72.1567055445005
-95.65499711815386 -72.45772233741533
-95.4267784612108 -72.75802328619844
-95.19761703795982 -73.0576054240347
-94.96751511239508 -73.35646579121034
-94.73647495780244 -73.65460143514233
-94.50449885673689 -73.95200941040761
-94.27158910100019 -74.24868677877195
-94.03774799161793 -74.54463060921931
-93.80297783881721 -74.83983797798045
-93.56728096200348 -75.13430596856207
-93.33065968973764 -75.42803167177559
-93.09311635971335 -75.72101218576566
-92.85465331873348 -76.01324461603924
-92.61527292268731 -76.30472607549379
-92.37497753652713 -76.59545368444596
-92.13376953424469 -76.88542457066023
-91.89165129884809 -77.17463586937686
-91.6486252223379 -77.46308472334064
-91.40469370568375 -77.7507682828288
-91.15985915880061 -78.03768370567926
-90.91412400052477 -78.32382815731881
-90.66749065859017 -78.609198810791
-90.41996156960438 -78.89379284678401
-90.17153917902434 -79.17760745365877
-89.9222259411325 -79.46063982747634
-89.67202431901225 -79.74288717202604
-89.42093678452387 -80.02434669885275
-89.16896581827999 -80.30501562728455
-88.91611390962096 -80.58489118446032
-88.66238355659053 -80.86397060535691
-88.40777726591085 -81.14225113281672
-88.15229755295803 -81.41973001757466
-87.89594694173711 -81.69640451828548
-87.638727964857 -81.97227190155091
-87.38064316350575 -82.24732944194646
-87.12169508742532 -82.5215744220485
-86.86188629488622 -82.79500413246114
-86.60121935266254 -83.06761587184279
-86.33969683600631 -83.33940694693311
-86.07732132862228 -83.61037467257943
-85.81409542264228 -83.88051637176328
-85.55002171859955 -84.14982937562704
-85.2851028254033 -84.41831102350002
-85.01934136031255 -84.68595866292503
-84.75273994891063 -84.95276964968434
-84.48530122507911 -85.21874134782587
-84.21702783097163 -85.48387112968943
-83.94792241698805 -85.7481563759324
-83.67798764174819 -86.01159447555567
-83.40722617206534 -86.27418282592969
-83.13564068292028 -86.53591883281976
-82.86323385743454 -86.79679991041212
-82.59000838684408 -87.05682348133904
-82.31596697047269 -87.31598697670461
-82.04111231570516 -87.57428783611005
-81.76544713796078 -87.83172350767884
-81.48897416066619 -88.08829144808223
-81.21169611522888 -88.34398912256407
-80.93361574100987 -88.59881400496599
-80.65473578529677 -88.85276357775243
-80.37505900327663 -89.10583533203535
-80.09458815800883 -89.35802676759907
-79.81332602039748 -89.6093353929251
-79.53127536916448 -89.85975872521655
-79.24843899082154 -90.10929429042287
-78.96481967964323 -90.35793962326404
-78.68042023763894 -90.60569226725512
-78.39524347452527 -90.85254977473062
-78.10929220769856 -91.0985097068682
-77.82256926220666 -91.3435696337134
-77.53507747072122 -91.58772713420319
-77.24681967350972 -91.83097979619008
-76.9577987184073 -92.07332521646596
-76.66801746078885 -92.31476100078565
-76.37747876354061 -92.55528476389073
-76.08618549703182 -92.79489412953315
-75.79414053908651 -93.0335867304986
-75.50134677495504 -93.27136020862989
-75.20780709728551 -93.50821221485037
-74.91352440609546 -93.74414040918685
-74.61850160874273 -93.97914246079317
-74.32274161989733 -94.21321604797271
-74.02624736151208 -94.44635885820176
-73.72902176279408 -94.67856858815219
-73.43106776017568 -94.90984294371417
-73.13238829728543 -95.14017964001891
-72.83298632491923 -95.3695764014611
-72.53286480101075 -95.59803096172168
-72.23202669060268 -95.82554106378977
-71.93047496581706 -96.0521044599855
-71.62821260582606 -96.27771891198181
-71.32524259682252 -96.50238219082684
-71.02156793199072 -96.7260920769656
-70.71719161147621 -96.94884636026238
-70.4121166423569 -97.17064284002204
-70.10634603861271 -97.39147932501226
-69.79988282109615 -97.6113536334849
-69.49273001750238 -97.8302635931976
-69.18489066233923 -98.0482070414353
-68.87636779689757 -98.26518182503145
-68.56716446922061 -98.48118580038955
-68.25728373407456 -98.69621683350401
-67.94672865291777 -98.91027279998151
-67.63550229387084 -99.1233515850619
-67.32360773168622 -99.335451083639
-67.01104804771806 -99.54656920028144
-66.69782632989123 -99.7567038492535
-66.38394567267149 -99.96585295453544
-66.06940917703433 -100.1740144498443
-65.75421995043465 -100.38118627865414
-65.43838110677598 -100.58736639421645
-65.12189576637968 -100.79255275958032
-64.80476705595434 -100.99674334761242
-64.48699810856445 -101.19993614101742
-64.16859206359999 -101.40212913235743
-63.8495520667449 -101.60332032407224
-63.52988126994629 -101.80350772849886
-63.209582831383166 -102.00268936789124
-62.88865991543558 -102.20086327443954
-62.56711569265271 -102.39802749029012
-62.244953339722315 -102.59418006756422
-61.92217603943864 -102.78931906837776
-61.59878698067141 -102.98344256486023
-61.274789358334196 -103.17654863917369
-60.95018637335275 -103.3686353835319
-60.62498123263377 -103.55970090021893
-60.29917714903257 -103.74974330160816
-59.97277734132208 -103.93876071018072
-59.64578503416038 -104.12675125854416
-59.31820345805924 -104.31371308945094
-58.990035849351976 -104.49964435581667
-58.66128545016191 -104.68454322073829
-58.33195550836964 -104.86840785751247
-58.00204927758171 -105.05123644965337
-57.671570017097814 -105.23302719091086
-57.340520991878975 -105.41377828528813
-57.0089054725152 -105.59348794705961
-56.67672673519306 -105.77215440078855
-56.34398806166368 -105.94977588134437
-56.01069273920974 -106.1263506339205
-55.676844060613625 -106.3018769140513
-55.34244532412436 -106.47635298762962
-55.00749983342533 -106.64977713092378
-54.672010897601446 -106.8221476305946
-54.3359818311069 -106.99346278371226
-53.99941595373166 -107.16372089777337
-53.66231659056954 -107.33292029071735
-53.32468707198456 -107.50105929094336
-52.986530733578554 -107.66813623732666
-52.64785091615802 -107.83414947923501
-52.30865096570106 -107.99909737654505
-51.96893423332473 -108.16297829965838
-51.62870407525121 -108.32579062951785
-51.28796385277545 -108.48753275762334
-50.94671693223127 -108.64820308604786
-50.604966684958505 -108.80780002745318
-50.2627164872696 -108.96632200510558
-49.919969720416134 -109.12376745289147
-49.57672977055572 -109.28013481533272
-49.233000028718386 -109.43542254760209
-48.88878389077283 -109.58962911553863
-48.544084757393165 -109.74275299566267
-48.198906034025306 -109.89479267519093
-47.8532511308531 -110.0457466520515
-47.50712346276514 -110.19561343489852
-47.16052644932027 -110.34439154312722
-46.81346351471463 -110.4920795068881
-46.46593808774709 -110.63867586710198
-46.117953601785835 -110.78417917547401
-45.769513494734284 -110.92858799450815
-45.420621208997076 -111.07190089752135
-45.07128019144632 -111.21411646865761
-44.72149389338737 -111.35523330290192
-44.371265770524495 -111.49525000609434
-44.020599282927094 -111.6341651949436
-43.66949789499535 -111.77197749704081
-43.31796507542595 -111.90868555087303
-42.96600429717819 -112.04428800583663
-42.613619037438966 -112.17878352225085
-42.260812777589244 -112.31217077137076
-41.907589003168944 -112.44444843540064
-41.5539512038429 -112.57561520750683
-41.199902873366305 -112.70566979183072
-40.84544750955007 -112.83461090350156
-40.490588614226596 -112.96243726864901
-40.13532969321496 -113.08914762441593
-39.779674256286086 -113.21474071897073
-39.42362581712835 -113.33921531151984
-39.06718789331279 -113.4625701723198
-38.71036400625825 -113.58480408268962
-38.353157681197 -113.70591583502258
-37.99557244713917 -113.82590423279844
-37.63761183683873 -113.94476809059492
-37.27927938675787 -114.06250623409977
-36.92057863703245 -114.17911750012216
-36.56151313143693 -114.2946007366042
-36.2020864173493 -114.40895480263237
-35.84230204571626 -114.52217856844867
-35.48216357101801 -114.63427091546194
-35.12167455123288 -114.74523073625885
-34.76083854780251 -114.8550569346148
-34.39965912559655 -114.96374842550483
-34.03813985287735 -115.07130413511426
-33.67628430126512 -115.17772300084927
-33.31409604570189 -115.28300397134761
-32.95157866441706 -115.38714600648866
-32.58873573889132 -115.49014807740403
-32.22557085382166 -115.59200916648746
-31.862087597085853 -115.69272826740507
-31.498289559706908 -115.79230438510523
-31.134180335817927 -115.8907365358283
-30.76976352262636 -115.98802374711646
-30.40504272037827 -116.08416505782333
-30.04002153232308 -116.17915951812341
-29.67470356467786 -116.27300618952145
-29.30909242659161 -116.36570414486181
-28.94319173011 -116.45725246833746
-28.577005090138986 -116.54765025549924
-28.2105361244099 -116.63689661326455
-27.84378845344298 -116.72499065992643
-27.47676570051205 -116.81193152516212
-27.10947149160859 -116.89771835004164
-26.74190945540582 -116.98235028703637
-26.374083223223156 -117.06582650002733
-26.005996428990137 -117.14814616431347
-25.637652709210304 -117.22930846661991
-25.269055702925595 -117.30931260510584
-24.900209051680285 -117.38815778937251
-24.531116399484905 -117.46584324047107
-24.161781392780657 -117.54236819091011
-23.792207680402658 -117.6177318846635
-23.422398913544747 -117.69193357717756
-23.052358745722636 -117.76497253537873
-22.68209083273828 -117.83684803768051
-22.311598832643625 -117.90755937399085
-21.940886405704394 -117.97710584571897
-21.5699572143642 -118.04548676578236
-21.198814923208186 -118.11270145861353
-20.82746319892659 -118.17874926016673
-20.455905710278852 -118.24362951792449
-20.084146128057252 -118.307341590904
-19.71218812505054 -118.36988484966358
-19.34003537600809 -118.43125867630876
-18.96769155760282 -118.49146246449844
-18.595160348395748 -118.55049561945091
-18.222445428798896 -118.6083575579497
-17.849550481039355 -118.66504770834936
-17.47647918912279 -118.72056551058101
-17.103235238796966 -118.77491041615806
-16.729822317515616 -118.82808188818144
-16.356244114401825 -118.88007940134503
-15.982504320211357 -118.93090244194073
-15.608606627296528 -118.98055050786374
-15.234554729569604 -119.0290231086173
-14.860352322466207 -119.07631976531762
-14.486003102909232 -119.12244001069867
-14.111510769271574 -119.16738338911672
-13.736879021340453 -119.21114945655484
-13.362111560280102 -119.25373778062736
-12.987212088595642 -119.29514794058406
-12.612184310096385 -119.33537952731436
-12.23703192985914 -119.3744321433514
-11.861758654191934 -119.41230540287589
-11.486368190597165 -119.44899893171996
-11.110864247734787 -119.4845123673709
-10.735250535385966 -119.51884535897464
-10.359530764416338 -119.55199756733934
-9.983708646739233 -119.58396866493864
-9.607787895279435 -119.6147583359149
-9.23177222393575 -119.64436627608242
-8.855665347545166 -119.67279219293033
-8.479470981845415 -119.70003580562556
-8.103192843438677 -119.72609684501556
-7.726834649754771 -119.75097505363098
-7.350400119014305 -119.77467018568824
-6.9738929701922725 -119.79718200709189
-6.597316922981097 -119.81851029543702
-6.220675697753669 -119.83865484001136
-5.843973015526907 -119.8576154417974
-5.467212597924896 -119.87539191347443
-5.090398167142007 -119.89198407942025
-4.7135334459065525 -119.90739177571298
-4.336622157443264 -119.92161485013271
-3.9596680254373555 -119.93465316216297
-3.582674773996996 -119.9465065829921
-3.2056461276169403 -119.95717499551452
-2.8285858111416253 -119.96665829433196
-2.451497549728265 -119.97495638575442
-2.0743850688103684 -119.98206918780113
-1.6972520940607212 -119.98799663020134
-1.3201023513543633 -119.99273865439504
-0.9429395667320992 -119.99629521353354
-0.5657674663635822 -119.9986662724799
-0.18858977651039247 -119.9998518078093
0.1885897765103484 -119.9998518078093
0.5657674663635381 -119.9986662724799
0.9429395667320551 -119.99629521353354
1.320102351354319 -119.99273865439504
1.6972520940606775 -119.98799663020134
2.074385068810325 -119.98206918780113
2.451497549728221 -119.97495638575442
2.828585811141581 -119.96665829433196
3.2056461276168964 -119.95717499551452
3.5826747739969522 -119.9465065829921
3.9596680254373116 -119.93465316216297
4.3366221574432195 -119.92161485013271
4.713533445906508 -119.90739177571298
5.090398167141963 -119.89198407942025
5.467212597924852 -119.87539191347445
5.843973015526863 -119.8576154417974
6.220675697753625 -119.83865484001136
6.5973169229810535 -119.81851029543702
6.973892970192229 -119.7971820070919
7.350400119014261 -119.77467018568824
7.726834649754728 -119.75097505363098
8.103192843438634 -119.72609684501556
8.47947098184537 -119.70003580562556
8.855665347545123 -119.67279219293034
9.231772223935707 -119.64436627608242
9.60778789527939 -119.6147583359149
9.983708646739188 -119.58396866493864
10.359530764416293 -119.55199756733936
10.735250535385921 -119.51884535897464
11.11086424773474 -119.48451236737091
11.48636819059712 -119.44899893171997
11.861758654191888 -119.41230540287589
12.237031929859098 -119.3744321433514
12.612184310096342 -119.33537952731436
12.9872120885956 -119.29514794058406
13.362111560280058 -119.25373778062736
13.736879021340407 -119.21114945655485
14.11151076927153 -119.16738338911672
14.486003102909187 -119.12244001069868
14.860352322466163 -119.07631976531763
15.23455472956956 -119.0290231086173
15.608606627296485 -118.98055050786375
15.982504320211314 -118.93090244194075
16.35624411440178 -118.88007940134503
16.72982231751557 -118.82808188818146
17.103235238796923 -118.77491041615808
17.47647918912275 -118.72056551058103
17.849550481039312 -118.66504770834936
18.222445428798853 -118.60835755794972
18.595160348395705 -118.55049561945091
18.967691557602777 -118.49146246449844
19.340035376008046 -118.43125867630876
19.7121881250505 -118.36988484966359
20.084146128057206 -118.307341590904
20.455905710278806 -118.24362951792449
20.827463198926544 -118.17874926016674
21.19881492320814 -118.11270145861354
21.56995721436416 -118.04548676578237
21.94088640570435 -117.97710584571898
22.31159883264348 -117.90755937399086
22.682090832738233 -117.83684803768051
23.05235874572259 -117.76497253537873
23.4223989135447 -117.69193357717758
23.792207680402615 -117.6177318846635
24.161781392780615 -117.54236819091012
24.53111639948486 -117.46584324047109
24.900209051680243 -117.38815778937253
25.26905570292555 -117.30931260510584
25.63765270921026 -117.22930846661993
26.00599642899009 -117.14814616431347
26.374083223223113 -117.06582650002733
26.741909455405775 -116.98235028703638
27.109471491608446 -116.89771835004167
27.476765700512008 -116.81193152516214
27.843788453442937 -116.72499065992645
28.210536124409852 -116.63689661326457
28.577005090138943 -116.54765025549925
28.94319173010996 -116.45725246833747
29.309092426591565 -116.36570414486182
29.674703564677817 -116.27300618952147
30.040021532323035 -116.17915951812341
30.405042720378223 -116.08416505782334
30.769763522626313 -115.98802374711647
31.134180335817888 -115.89073653582831
31.498289559706866 -115.79230438510524
31.862087597085708 -115.69272826740512
32.22557085382162 -115.59200916648747
32.58873573889129 -115.49014807740403
32.95157866441703 -115.38714600648868
33.314096045701845 -115.28300397134763
33.67628430126507 -115.17772300084928
34.03813985287731 -115.07130413511427
34.399659125596514 -114.96374842550483
34.760838547802464 -114.85505693461481
35.12167455123284 -114.74523073625886
35.48216357101797 -114.63427091546195
35.842302045716224 -114.52217856844868
36.20208641734926 -114.40895480263238
36.56151313143679 -114.29460073660424
36.920578637032406 -114.17911750012217
37.27927938675783 -114.06250623409979
37.637611836838694 -113.94476809059493
37.99557244713913 -113.82590423279845
38.35315768119696 -113.7059158350226
38.71036400625822 -113.58480408268963
39.06718789331275 -113.46257017231981
39.423625817128304 -113.33921531151985
39.77967425628604 -113.21474071897075
40.13532969321493 -113.08914762441594
40.49058861422656 -112.96243726864903
40.84544750955003 -112.83461090350156
41.199902873366156 -112.70566979183077
41.55395120384286 -112.57561520750684
41.90758900316891 -112.44444843540066
42.26081277758921 -112.31217077137079
42.61361903743892 -112.17878352225087
42.966004297178145 -112.04428800583665
43.31796507542591 -111.90868555087305
43.66949789499531 -111.77197749704082
44.02059928292705 -111.63416519494362
44.37126577052446 -111.49525000609435
44.721493893387326 -111.35523330290194
45.071280191446284 -111.21411646865762
45.420621208997034 -111.07190089752137
45.76951349473414 -110.9285879945082
46.117953601785786 -110.78417917547404
46.46593808774705 -110.638675867102
46.813463514714584 -110.49207950688812
47.16052644932023 -110.34439154312723
47.507123462765 -110.19561343489859
47.85325113085307 -110.04574665205153
48.19890603402526 -109.89479267519094
48.54408475739313 -109.74275299566268
48.888783890772785 -109.58962911553864
49.23300002871835 -109.4354225476021
49.57672977055568 -109.28013481533273
49.91996972041609 -109.1237674528915
50.26271648726946 -108.96632200510565
50.60496668495846 -108.8078000274532
50.946716932231226 -108.64820308604789
51.287963852775405 -108.48753275762337
51.62870407525117 -108.32579062951788
51.968934233324596 -108.16297829965845
52.30865096570103 -107.99909737654508
52.64785091615798 -107.83414947923502
52.98653073357851 -107.66813623732669
53.32468707198452 -107.50105929094339
53.662316590569496 -107.33292029071737
53.99941595373163 -107.16372089777339
54.335981831106864 -106.99346278371229
54.67201089760141 -106.82214763059463
55.007499833425285 -106.6497771309238
55.34244532412432 -106.47635298762965
55.67684406061359 -106.30187691405133
56.010692739209695 -106.12635063392052
56.34398806166355 -105.94977588134444
56.676726735193014 -105.77215440078858
57.00890547251517 -105.59348794705964
57.34052099187894 -105.41377828528816
57.67157001709777 -105.23302719091087
58.00204927758167 -105.0512364496534
58.3319555083696 -104.8684078575125
58.66128545016188 -104.6845432207383
58.99003584935194 -104.4996443558167
59.318203458059195 -104.31371308945097
59.64578503416034 -104.12675125854419
59.97277734132204 -103.93876071018073
60.29917714903254 -103.74974330160818
60.62498123263364 -103.55970090021898
60.950186373352714 -103.36863538353192
61.274789358334154 -103.1765486391737
61.59878698067138 -102.98344256486025
61.922176039438604 -102.7893190683778
62.24495333972228 -102.59418006756424
62.56711569265268 -102.39802749029015
62.88865991543554 -102.20086327443957
63.20958283138313 -102.00268936789125
63.52988126994625 -101.80350772849889
63.84955206674486 -101.60332032407226
64.16859206359997 -101.40212913235746
64.4869981085644 -101.19993614101745
64.80476705595422 -100.99674334761251
65.12189576637964 -100.79255275958035
65.43838110677594 -100.58736639421647
65.7542199504346 -100.38118627865417
66.06940917703429 -100.17401444984432
66.38394567267144 -99.96585295453545
66.6978263298912 -99.75670384925353
67.01104804771802 -99.54656920028147
67.3236077316862 -99.33545108363903
67.63550229387081 -99.12335158506191
67.94672865291773 -98.91027279998154
68.25728373407453 -98.69621683350404
68.56716446922059 -98.48118580038958
68.87636779689745 -98.26518182503153
69.1848906623392 -98.04820704143533
69.49273001750235 -97.83026359319761
69.79988282109612 -97.61135363348492
70.10634603861267 -97.39147932501228
70.41211664235686 -97.17064284002207
70.71719161147618 -96.94884636026241
71.02156793199069 -96.72609207696563
71.32524259682248 -96.50238219082686
71.62821260582602 -96.27771891198184
71.93047496581703 -96.05210445998553
72.23202669060267 -95.8255410637898
72.53286480101072 -95.5980309617217
72.8329863249191 -95.3695764014612
73.13238829728539 -95.14017964001894
73.43106776017565 -94.90984294371418
73.72902176279403 -94.67856858815222
74.02624736151205 -94.44635885820179
74.3227416198973 -94.21321604797274
74.6185016087427 -93.9791424607932
74.91352440609543 -93.74414040918688
75.20780709728547 -93.5082122148504
75.50134677495501 -93.27136020862991
75.79414053908647 -93.03358673049861
76.08618549703179 -92.79489412953318
76.37747876354058 -92.55528476389075
76.66801746078882 -92.31476100078568
76.95779871840728 -92.07332521646599
77.2468196735097 -91.8309797961901
77.53507747072118 -91.58772713420322
77.82256926220661 -91.34356963371343
78.10929220769853 -91.09850970686824
78.39524347452523 -90.85254977473065
78.68042023763891 -90.60569226725517
78.96481967964318 -90.35793962326407
79.24843899082155 -90.10929429042285
79.53127536916443 -89.85975872521658
79.81332602039745 -89.60933539292513
80.09458815800876 -89.35802676759913
80.37505900327656 -89.10583533203543
80.65473578529674 -88.85276357775246
80.93361574100987 -88.59881400496599
81.21169611522888 -88.34398912256407
81.48897416066616 -88.08829144808226
81.76544713796069 -87.8317235076789
82.04111231570509 -87.5742878361101
82.31596697047267 -87.31598697670464
82.59000838684403 -87.05682348133907
82.86323385743454 -86.79679991041212
83.13564068292024 -86.5359188328198
83.40722617206531 -86.27418282592971
83.67798764174812 -86.01159447555574
83.94792241698798 -85.74815637593245
84.2170278309716 -85.48387112968946
84.48530122507911 -85.21874134782587
84.75273994891063 -84.95276964968433
85.01934136031252 -84.68595866292507
85.28510282540323 -84.4183110235001
85.5500217185995 -84.1498293756271
85.81409542264225 -83.8805163717633
86.07732132862225 -83.61037467257945
86.33969683600631 -83.33940694693311
86.60121935266251 -83.06761587184282
86.86188629488619 -82.79500413246117
87.12169508742527 -82.52157442204857
87.3806431635057 -82.24732944194655
87.63872796485697 -81.97227190155093
87.89594694173712 -81.69640451828546
88.15229755295805 -81.41973001757465
88.40777726591082 -81.14225113281674
88.66238355659047 -80.86397060535698
88.91611390962089 -80.58489118446039
89.16896581827996 -80.30501562728458
89.42093678452385 -80.02434669885278
89.67202431901225 -79.74288717202604
89.92222594113247 -79.46063982747636
90.17153917902431 -79.1776074536588
90.41996156960431 -78.89379284678408
90.66749065859011 -78.60919881079109
90.91412400052474 -78.32382815731886
91.15985915880054 -78.03768370567933
91.40469370568375 -77.7507682828288
91.64862522233787 -77.46308472334067
91.89165129884803 -77.17463586937693
92.1337695342447 -76.88542457066022
92.3749775365271 -76.595453684446
92.61527292268728 -76.30472607549382
92.85465331873341 -76.01324461603932
93.09311635971332 -75.7210121857657
93.33065968973762 -75.42803167177563
93.56728096200341 -75.13430596856215
93.80297783881721 -74.83983797798045
94.03774799161792 -74.54463060921934
94.27158910100012 -74.24868677877203
94.5044988567369 -73.9520094104076
94.73647495780241 -73.65460143514237
94.96751511239503 -73.35646579121038
95.19761703795982 -73.05760542403469
95.42677846121077 -72.75802328619847
95.65499711815383 -72.45772233741536
95.88227075410887 -72.15670554450058
96.10859712373212 -71.85497588134137
96.33397399103815 -71.55253632886807
96.55839912942227 -71.24938987502408
96.7818703216824 -70.94553951473658
97.00438536004074 -70.64098824988727
97.22594204616598 -70.33573908928216
97.44653819119482 -70.02979504862206
97.66617161575338 -69.72315915047314
97.88484014997924 -69.41583442423646
98.1025416335424 -69.10782390611847
98.31927391566697 -68.79913063910072
98.53503485515202 -68.48975767291032
98.74982232039316 -68.17970806398908
98.96363418940348 -67.86898487546378
99.17646834983414 -67.55759117711602
99.38832269899586 -67.24553004535144
99.5991951438793 -66.93280456316957
99.80908360117563 -66.61941782013359
100.01798599729754 -66.30537291233941
100.22590026839943 -65.99067294238522
100.43282436039769 -65.6753210193411
100.63875622899135 -65.3593202587179
100.84369383968205 -65.04267378243667
101.04763516779414 -64.72538471879771
101.25057819849462 -64.40745620245006
101.45252092681335 -64.08889137435989
101.65346135766254 -63.76969338177981
101.85339750585645 -63.44986537821804
102.05232739613136 -63.12941052340673
102.25024906316476 -62.80833198327095
102.4471605515947 -62.48663292989772
102.64305991603948 -62.164316541504185
102.8379452211166 -61.84138600240636
103.03181454146178 -61.5178445029881
103.22466596174833 -61.193695239668884
103.41649757670578 -60.86894141487272
103.60730749113887 -60.54358623699623
103.79709381994604 -60.21763292037738
103.98585468813839 -59.89108468526319
104.17358823085802 -59.563944757778096
104.36029259339628 -59.23621636989248
104.54596593121249 -58.9079027593901
104.73060640995189 -58.57900716983638
104.91421220546374 -58.24953285054672
105.09678150381953 -57.919483056553744
105.27831250133079 -57.588861048575495
105.4588034045668 -57.25767009298344
105.63825243037253 -56.92591346176968
105.81665780588615 -56.593594432515005
105.99401776855656 -56.26071628835628
106.17033056616063 -55.927282317954415
106.34559445682086 -55.59329581546133
106.51980770902239 -55.25876008048766
106.6929686016299 -54.92367841807043
106.86507542390507 -54.58805413863989
107.03612647552319 -54.25189055798704
107.20612006658985 -53.915190997231186
107.37505451765799 -53.57795878278655
107.54292815974424 -53.24019724632968
107.70973933434533 -52.901909724766845
107.8754863934548 -52.56309956020048
108.040167699579 -52.22377009989655
108.2037816257534 -51.88392469625129
108.36632655555847 -51.54356670675848
108.52780088313602 -51.20269949397571
108.68820301320477 -50.861326425491356
108.84753136107607 -50.51945087389176
109.00578435266979 -50.17707621672719
109.16296042452981 -49.834205836478816
109.3190580238392 -49.490843120525604
109.47407560843598 -49.146991461110225
109.62801164682809 -48.802654255305875
109.78086461820847 -48.45783490498296
109.93263301247029 -48.11253681677494
110.08331533022181 -47.766763402045065
110.23291008280108 -47.42051807685244
110.38141579229072 -47.073804261918696
110.52883099153252 -46.72662538259361
110.67515422414202 -46.37898486882154
110.8203840445227 -46.030886155107844
110.96451901788043 -45.68233268048438
111.10755772023766 -45.33332788847578
111.24949873844726 -44.98387522706576
111.39034067020678 -44.63397814866245
111.53008212407215 -44.28364011006459
111.66872171947135 -43.932864572427654
111.8062580867182 -43.581655001229116
111.94268986702589 -43.23001486623455
112.0780157125203 -42.877947641463145
112.21223428625325 -42.52545680515388
112.34534426221603 -42.17254583973041
112.47734432535219 -41.81921823176713
112.60823317157055 -41.46547747195488
112.73800950775832 -41.111327055065935
112.86667205179366 -40.7567704799198
112.99421953255833 -40.40181124934887
113.12065068995047 -40.04645287016328
113.24596427489685 -39.69069885311654
113.3701590493652 -39.33455271287115
113.49323378637658 -38.978017967963304
113.61518727001743 -38.621098140768474
113.73601829545159 -38.26379675746646
113.85572566893212 -37.90611734800693
113.97430820781324 -37.54806344607394
114.09176474056197 -37.18963858905137
114.20809410676958 -36.830846317988204
114.3232951571632 -36.471690177563
114.43736675361718 -36.11217371604914
114.55030776916419 -35.75230048528012
114.6621170880065 -35.392074040613785
114.77279360552696 -35.03149794089758
114.8823362282998 -34.67057574843365
114.99074387410165 -34.30931102894304
115.09801547192208 -33.94770735153091
115.20414996197422 -33.58576828865101
115.30914629570515 -33.22349741607085
115.41300343580644 -32.860898312835744
115.51572035622426 -32.497974561233725
115.61729604216951 -32.13472974676051
115.71772949012792 -31.771167458083433
115.81701970786995 -31.407291287006313
115.9151657144605 -31.043104828434267
116.01216654026877 -30.678611680337568
116.10802122697768 -30.31381544371643
116.20272882759338 -29.94871972256574
116.29628840645469 -29.58332812383881
116.38869903924225 -29.217644257412182
116.4799598129877 -28.851671736049735
116.57006982608262 -28.48541417536742
116.65902818828756 -28.118875193796917
116.7468340207408 -27.752058412550205
116.8334864559669 -27.384967455584068
116.91898463788547 -27.017605949563716
117.00332772181955 -26.649977523827214
117.0865148745038 -26.282085810349987
117.16854527409305 -25.91393444370828
117.24941811017013 -25.545527061043575
117.329132583754 -25.176867302026984
117.40768790730766 -24.807958808822637
117.48508330474591 -24.43880522605213
117.561318011443 -24.069410200758316
117.63639127424013 -23.699777382369692
117.71030235145302 -23.329910422663698
117.78305051287921 -22.959812975730976
117.85463503980512 -22.589488697939583
117.92505522501334 -22.218941247898208
117.99431037278958 -21.848174286420385
118.0623997989294 -21.477191476488606
118.12932283074517 -21.105996483217535
118.19507880707253 -20.734592973818177
118.25966707827718 -20.362984617561484
118.3230870062609 -19.99117508574248
118.38533796446828 -19.61916805164341
118.44641933789264 -19.246967190497706
118.50633052308213 -18.874576179454053
118.56507092814583 -18.501998697539378
118.6226399727595 -18.129238425622862
118.67903708817126 -17.756299046379855
118.73426171720735 -17.383184244254892
118.7883133142775 -17.009897705425573
118.84119134538041 -16.636443117766504
118.89289528810899 -16.262824170812195
118.94342463165549 -15.889044555721048
118.99277887681667 -15.515107965238682
119.04095753599853 -15.14101809366186
119.0879601332213 -14.766778636801364
119.13378620412412 -14.392393291945803
119.17843529596949 -14.0178657578254
119.22190696764793 -13.643199734574816
119.26420078968223 -13.268398923696909
119.30531634423168 -12.893467028026484
119.34525322509626 -12.518407751693085
119.38401103772065 -12.143224800084703
119.42158939919806 -11.767921879811492
119.45798793827406 -11.392502698668519
119.49320629535026 -11.016970965599556
119.52724412248787 -10.641330390660219
119.56010108341106 -10.26558468498174
119.59177685351034 -9.889737560733671
119.62227111984585 -9.51379273108753
119.65158358115023 -9.137753910180429
119.67971394783186 -8.761624813077741
119.7066619419775 -8.385409155736724
119.73242729735519 -8.009110654970128
119.75700975941675 -7.632733028408828
119.78040908530043 -7.256279994465421
119.8026250438332 -6.879755272297812
119.8236574155331 -6.503162581771822
119.8435059926114 -6.1265056434248795
119.86217057897457 -5.749788178429032
119.87965099022635 -5.373013908554622
119.89594705366949 -4.9961865561328755
119.91105860830746 -4.619309844019444
119.92498550484605 -4.242387495557948
119.93772760569486 -3.8654232345425514
119.94928478496865 -3.4884207851814906
119.95965692848858 -3.111383872060603
119.96884393378335 -2.73431622010589
119.97684571009016 -2.357221554547039
119.98366217835567 -1.9801036008809334
119.98929327123679 -1.602966084834213
119.99373893310127 -1.2258127323268908
119.99699912002832 -0.8486472694353279
119.99907379980901 -0.47147342235584994
119.99996295194661 -0.094294917367294
119.99966656765673 0.2828845192054849
119.99818464986753 0.6600611610281087
119.99551721321954 1.0372312817941298
119.99166428406565 1.4143911552615247
119.98662590047078 1.7915370552891887
119.9804021122115 2.168665255874387
119.97299298077553 2.545772031189245
119.96439857936123 2.9228536556172404
119.95461899287672 3.2999064037906463
119.9436543179392 3.6769265506269133
119.93150466287385 4.053910371365681
119.9181701477129 4.4308541416051535
119.9036509041943 4.80775413733953
119.88794707576054 5.1846066349954825
119.87105881755718 5.561407911468616
119.85298629643131 5.938154244160894
119.83372969092993 6.314841911017098
119.81328919129815 6.691467190561274
119.79166499947735 7.068026361934144
119.76885732910313 7.444515704929543
119.74486640550326 7.820931500030854
119.71969246569547 8.197270028448395
119.693335758385 8.573527572155728
119.66579654396222 8.94970041392661
119.63707509450009 9.325784837371295
119.6071716937514 9.701777126973873
119.57608663714598 10.077673568128674
119.54382023178783 10.453470447176636
119.51037279645203 10.829164051442643
119.47574466158163 11.204750669271878
119.43993616928438 11.580226590066172
119.4029476733293 11.955588104321306
119.36477953914321 12.330831503663335
119.32543214380726 12.705953080884909
119.28490587605295 13.080949129982537
119.24320113625843 13.455815946192772
119.20031833644458 13.830549826029026
119.15625790027092 14.205147067317736
119.11102026303129 14.579603969235569
119.06460587164975 14.953916832345676
119.01701518467601 15.328081958633916
118.96824867228104 15.70209565154603
118.91830681625224 16.075954216023835
118.8671901099889 16.449653958541425
118.81489905849712 16.823191187142285
118.76143417838492 17.196562211475445
118.70679599785721 17.569763342831646
118.65098505671041 17.942790894180384
118.59400190632722 18.31564118020593
118.53584710967114 18.688310517343954
118.47652124128095 19.060795223817493
118.41602488726498 19.433091619673938
118.3543586452953 19.805196026821108
118.29152312460198 20.177104769063238
118.2275189459668 20.548814172137952
118.16234674171737 20.92032056375225
118.09600715572071 21.291620273618445
118.02850084337703 21.66270963349108
117.9598284716131 22.033584977202846
117.88999071887578 22.404242640700485
117.81898827512532 22.77467896208162
117.74682184182844 23.144890281630513
117.67349213195146 23.514872941854428
117.59899986995335 23.88462328751935
117.5233457917784 24.25413766568673
117.446530644849 24.623412425749237
117.36855518805844 24.992443919466545
117.2894201917631 25.361228501001975
117.20912643777504 25.72976252695821
117.12767471935433 26.098042356412986
117.04506584120098 26.466064350955666
116.96130061944724 26.833824874722794
116.87637988164933 27.2013202944342
116.79030446677945 27.568546979428504
116.70307522521736 27.935501301699585
116.61469301874197 28.302179635932124
116.52515872052301 28.66857835953711
116.43447321511215 29.03469385268825
116.34263739843436 29.40052249835741
116.24965217777924 29.76606068235006
116.15551847179174 30.131304793341577
116.06023721046326 30.496251222912633
115.96380933512253 30.860896365584516
115.86623579842616 31.225236618855394
115.76751756434928 31.589268383235467
115.66765560817603 31.95298806228275
115.56665091648998 32.31639206263818
115.46450448716428 32.67947679406176
115.36121732935177 33.042238669467686
115.2567904634753 33.4046741049595
115.15122492121719 33.76677951986609
115.04452174550943 34.128551336776816
114.9366819905232 34.48998598157645
114.82770672165847 34.85107988348119
114.7175970155335 35.21182947507358
114.6063539599742 35.57223119233746
114.49397865400336 35.93228147469381
114.3804722078298 36.29197676503547
114.2658357428374 36.65131350976255
114.1500703915741 37.01028815881707
114.03317729774061 37.36889716571867
113.91515761617903 37.727136987599366
113.79601251286175 38.085004085238204
113.6757431648796 38.442494923096845
113.55435076043037 38.79960596935422
113.43183649880712 39.156333695941086
113.30820159038618 39.512674578575506
113.18344725661531 39.86862509679734
113.05757473000169 40.22418173400277
112.93058525409955 40.57934097747958
112.802480083498 40.93409931844153
112.67326048380865 41.288453252063164
112.54292773165312 41.642399277514066
112.41148311465032 41.995933897994036
112.27892793140381 42.349053620767336
112.14526349148906 42.7017549571969
112.01049111544027 43.0540344227794
111.87461213473753 43.40588853717937
111.73762789179362 43.757313824263285
111.59953973994071 44.108306812134515
111.46034904341697 44.458864033167316
111.32005717735322 44.80898202404079
111.17866552775916 45.158657325773696
111.03617549150985 45.50788648375824
110.89258847633174 45.85666604779439
110.74790590078896 46.20499257212355
110.60212919426914 46.55286261546325
110.45525979696933 46.90027274104077
110.30729915988185 47.247219516626885
110.15824874477985 47.59369951457027
110.00811002420289 47.93970931183115
109.85688448144252 48.28524549001479
109.7045736105274 48.63030463540584
109.55117891620867 48.9748833390018
109.39670191394522 49.318978196546375
109.24114412988838 49.662585808563705
109.08450710086716 50.00570278039158
108.92679237437284 50.34832572221514
108.76800150854395 50.690451249099986
108.60813607215053 51.03207598102622
108.44719764457888 51.37319654292153
108.28518781581597 51.71380956469424
108.12210818643352 52.0539116812672
107.95796036757234 52.39349953261074
107.79274598092648 52.73256976377556
107.62646665872707 53.07111902492647
107.45912404372613 53.40914397137517
107.29071978918067 53.74664126361308
107.12125555883597 54.08360756734478
106.95073302690938 54.420039553520695
106.77915387807363 54.75593389837009
106.60651980744043 55.09128728343357
106.43283252054346 55.426096395596446
106.25809373332152 55.76035792712111
106.08230517210193 56.09406857567952
105.90546857358302 56.427225044386326
105.7275856848172 56.759824041831195
105.5486582631938 57.09186228211103
105.36868807642146 57.423336484863
105.18767690251077 57.754243375296674
105.00562652975692 58.084579684226085
104.82253875672161 58.414342148102584
104.63841539221563 58.74352750904672
104.45325825528079 59.072132514880614
104.26706917517215 59.40015391915971
104.07984999133973 59.727588481205395
103.8916025534104 60.05443296613675
103.70232872116976 60.38068414490225
103.51203036454358 60.70633879431217
103.32070936357928 61.031393697070186
103.12836760842774 61.35584564180492
102.9350069993241 61.67969142310213
102.74062944656929 62.002927841536156
102.54523687051126 62.32555170370126
102.34883120152567 62.647559822243714
102.1514143799971 62.96894901589292
101.9529883562997 63.289716109492986
101.75355509077819 63.609857934033855
101.5531165537281 63.929371326682976
101.35167472537658 64.24825313081641
101.14923159586289 64.56650019604974
100.94578916521847 64.88410937826967
100.74134944334729 65.20107753966487
100.53591445000627 65.51740154875665
100.32948621478486 65.83307828043053
100.12206677708525 66.14810461596676
99.91365818610234 66.46247744307088
99.70426250080317 66.77619365590506
99.49388178990682 67.08925015511834
99.28251813186387 67.4016438478775
99.07017361483601 67.71337164789722
98.8568503366752 68.02443047547112
98.64255040490295 68.3348172575019
98.4272759366899 68.64452892753147
98.21102905883431 68.95356242577176
97.99381190774136 69.26191469913468
97.77562662940224 69.56958270126196
97.55647537937249 69.87656339255595
97.33636032275099 70.18285374020914
97.11528363415866 70.48845071823409
96.89324749771669 70.79335130749368
96.67025410702517 71.09755249573071
96.44630566514125 71.40105127759774
96.22140438455772 71.7038446546865
95.99555248718073 72.005929635558
95.76875220430796 72.30730323577184
95.5410057766069 72.60796247791538
95.31231545409223 72.90790439163378
95.0826834961038 73.20712601365902
94.85211217128455 73.50562438783886
94.62060375755766 73.80339656516675
94.38816054210429 74.10043960381036
94.15478482134094 74.39675056914102
93.92047890089694 74.69232653376231
93.68524509559126 74.98716457753949
93.44908572940999 75.28126178762801
93.21200313548336 75.57461525850225
92.97399965606249 75.86722209198444
92.7350776424963 76.15907939727333
92.49523945520859 76.45018429097227
92.25448746367425 76.74053389711834
92.0128240463961 77.03012534721044
91.77025159088151 77.31895578023742
91.52677249361854 77.6070223427068
91.2823891600524 77.8943221886727
91.03710400456164 78.18085247976403
90.79091945043456 78.46661038521229
90.54383792984478 78.75159308187995
90.29586188382754 79.03579775428817
90.04699376225568 79.3192215946443
89.7972360238151 79.60186180287018
89.54659113598063 79.8837155866295
89.29506157499188 80.1647801613552
89.04264982582836 80.44505275027738
88.78935838218513 80.72453058445056
88.53518974644837 81.00321090278078
88.28014642967025 81.2810909520534
88.02423095154444 81.55816798695987
87.76744584038096 81.8344392701251
87.50979363308161 82.1099020721342
87.25127687511443 82.38455367155984
86.99189812048871 82.65839135498895
86.73165993173012 82.93141241704932
86.47056487985479 83.20361416043671
86.20861554434423 83.47499389594138
85.94581451312006 83.74554894247431
85.68216438251797 84.01527662709424
85.41766775726231 84.2841742850338
85.15232725044056 84.55223925972557
84.8861454834771 84.8194689028289
84.61912508610759 85.08586057425569
84.35126869635282 85.35141164219658
84.082578960493 85.61611948314675
83.8130585330411 85.87998148193225
83.54271007671694 86.14299503173557
83.271536262421 86.40515753412123
82.99953976920763 86.66646639906187
82.72672328425888 86.92691904496361
82.45308950285808 87.18651289869136
82.17864112836277 87.44524539559463
81.90338087217825 87.70311397953273
81.62731145373101 87.96011610289969
81.35043560044144 88.21624922665002
81.07275604769713 88.47151082032333
80.7942755388257 88.72589836206963
80.51499682506808 88.97940933867383
80.23492266555078 89.2320412455811
79.95405582725888 89.48379158692131
79.67239908500896 89.73465787553359
79.38995522142123 89.98463763299118
79.10672702689219 90.23372838962582
78.82271729956736 90.48192768455192
78.53792884531322 90.72923306569123
78.25236447768958 90.9756420897969
77.96602701792213 91.22115232247747
77.67891929487412 91.46576133822117
77.39104414501858 91.7094667204198
77.1024044124103 91.95226606139259
76.81300294865797 92.19415696240983
76.52284261289553 92.4351370337169
76.23192627175418 92.67520389455765
75.9402567993343 92.91435517319785
75.64783707717659 93.15258850694889
75.35466999423379 93.38990154219096
75.0607584468424 93.62629193439616
74.76610533869365 93.861757348152
74.47071358080494 94.09629545718425
74.17458609149143 94.32990394437982
73.87772579633665 94.56258050180999
73.58013562816397 94.79432283075286
73.2818185270074 95.02512864171642
72.98277744008293 95.25499565446067
72.68301532175894 95.48392159802066
72.38253513352714 95.71190421072872
72.08133984397372 95.93894124023657
71.77943242874939 96.16503044353806
71.47681587054032 96.39016958699095
71.17349315903888 96.614356446339
70.86946729091362 96.83758880673417
70.56474126977984 97.0598644627584
70.25931810617037 97.28118121844513
69.95320081750506 97.50153688730147
69.6463924280615 97.72092929232947
69.33889596894488 97.93935626604781
69.03071447805844 98.1568156505129
68.72185100007289 98.37330529734061
68.4123085863966 98.58882306772733
68.10209029514577 98.8033668324709
67.79119919111363 99.01693447199197
67.47963834574045 99.22952387635483
67.16741083708345 99.44113294528802
66.85451974978585 99.65175958820542
66.54096817504673 99.86140172422684
66.22675921059067 100.07005728219828
65.91189596063663 100.27772420071277
65.59638153586766 100.48440042813054
65.28021905340003 100.69008392259938
64.96341163675272 100.89477265207461
64.64596241581603 101.09846459433942
64.32787452682096 101.3011577370248
64.00915111230853 101.50285007762912
63.689795321098046 101.70353962353836
63.369810308256476 101.90322439204557
63.049199235067356 102.10190241037031
62.72796526899913 102.29957171567845
62.40611158367409 102.49623035510145
62.08364135883731 102.69187638575539
61.76055778032467 102.88650787476061
61.43686404003175 103.08012289926053
61.1125633358821 103.27271954644071
60.78765887179607 103.46429591354764
60.46215385765851 103.65485010790778
60.13605150928745 103.84438024694609
59.80935504840248 104.03288445820453
59.48206770259248 104.22036087936083
59.15419270528395 104.40680765824675
58.825733295709334 104.59222295286621
58.49669271887452 104.77660493141383
58.16707422552698 104.95995177229281
57.83688107212401 105.14226166413286
57.50611652079995 105.32353280580831
57.17478383933435 105.50376340645575
56.84288630111948 105.68295168549184
56.51042718512839 105.86109587263067
56.177409775881955 106.03819420790154
55.843837363416654 106.21424494166622
55.50971324325242 106.38924633463613
55.17504071635948 106.5631966578897
54.83982308912603 106.7360941928894
54.50406367332583 106.9079372314986
54.16776578608498 107.0787240759986
53.830932749849474 107.24845303910534
53.49356789235218 107.41712244398613
53.15567454658039 107.58473062427598
52.8172560507423 107.7512759240944
52.478315748234294 107.9167566980616
52.138856987608214 108.08117131131462
51.798883122537745 108.2445181395237
51.458397511785485 108.40679556890827
51.11740351917012 108.56800199625272
50.775904513532595 108.7281358289225
50.43390386870313 108.88719548487973
50.09140496346813 109.0451793926987
49.74841118153629 109.20208599158165
49.40492591150551 109.35791373137407
49.06095254682925 109.51266107257996
48.71649448578334 109.66632648637703
48.37155513143193 109.818908454632
48.02613789159403 109.97040546991539
47.68024617881026 110.12081603551643
47.33388341030841 110.27013866545798
46.98705300797012 110.41837188451116
46.63975839829729 110.56551422820976
46.29200301237762 110.71156424286498
45.943790285851065 110.85652048557964
45.59512365887614 111.00038152426231
45.24600657609538 111.14314593764175
44.89644248660168 111.28481231528077
44.546434843904 111.42537925759022
44.19598710589372 111.56484537584264
43.84510273480978 111.7032092921863
43.493785197204865 111.84046963965862
43.142037963911385 111.9766250621996
42.78986451000665 112.11167421466541
42.43726831477878 112.2456157628416
42.084252861692654 112.37844838345612
41.73082163835492 112.51017076419274
41.3769781364798 112.64078160370369
41.022725851854915 112.77027961162266
40.668068284306145 112.89866350857751
40.31300893766346 113.02593202620302
39.95755131972608 113.15208390715328
39.60169894222824 113.27711790511408
39.245455320803906 113.40103278481544
38.8888239749523 113.5238273220436
38.531808428003494 113.6455003036532
38.17441220708292 113.76605052757927
37.81663884307692 113.88547680284913
37.45849187059807 114.00377794959401
37.09997482794971 114.12095279906094
36.741091257091284 114.23700019362417
36.38184470360365 114.35191898679649
36.02223871665342 114.46570804324078
35.66227684895835 114.57836623878109
35.301962656751975 114.68989246041383
34.94129969974894 114.80028560631861
34.5802915411092 114.90954458586933
34.218941747403086 115.01766831964486
33.85725388857645 115.12465573943956
33.49523153791473 115.23050578827414
33.13287827200795 115.33521742040591
32.77019767071573 115.43878960133901
32.40719331713128 115.5412213078349
32.043868797546295 115.64251152792228
31.680227701415877 115.74265926090709
31.316273621322416 115.84166351738249
30.952010152940517 115.93952331923859
30.587440895001276 116.03623769967209
30.222569449257144 116.13180570319584
29.857399420445716 116.2262263856483
29.491934416254434 116.31949881420289
29.126178047285244 116.41162206737711
28.760133927018323 116.50259523504174
28.39380567177666 116.59241741842985
28.02719690069068 116.68108773014552
27.660311235661837 116.7686052941728
27.29315230132715 116.85496924588428
26.925723725023705 116.94017873204955
26.558029136752207 117.02423291084382
26.190072169141505 117.10713095185605
25.821856457412533 117.18887203609728
25.453385639342784 117.26945535600862
25.084663355229747 117.34888011546933
24.71569324785528 117.42714552980466
24.3464789624499 117.50425082579346
23.977024146656177 117.58019524167608
23.607332450492986 117.65497802716169
23.237407526319764 117.72859844343573
22.867253028799812 117.80105576316728
22.496872614864497 117.8723492705162
22.12626994367743 117.94247826114014
21.755448676597688 118.01144204220167
21.384412477144075 118.07923993237492
21.013165010958705 118.14587126185249
20.641709945771204 118.21133537235188
20.270050951361863 118.27563161712219
19.89819169952568 118.3387593609504
19.52613586403641 118.40071798016763
19.153887120609628 118.46150686265537
18.78144914686674 118.52112540785149
18.408825622298977 118.57957302675612
18.03602022823038 118.63684914193762
17.663036647781777 118.69295318753812
17.289878565834687 118.74788460927921
16.91654966899431 118.80164286446735
16.54305364555351 118.85422742199933
16.169394185456156 118.90563776236742
15.795574980261119 118.9558733776645
15.421599723105137 119.00493377158917
15.047472108666668 119.05281845945058
14.673195833129691 119.09952696817325
14.298774594146563 119.14505883630167
13.924212090801804 119.18941361400503
13.549512023575872 119.23259086308144
13.174678094307957 119.27459015696245
12.799714006159746 119.31541108071714
12.424623463579138 119.35505323105627
12.049410172263022 119.39351621633632
11.67407783912108 119.43079965656322
11.298630172238964 119.46690318339624
10.92307088084208 119.50182644015153
10.547403675258305 119.53556908180572
10.171632266881652 119.56813077499929
9.795760368135918 119.59951119803985
9.419791692437382 119.62971004090534
9.043729954158422 119.65872700524712
8.667578868591143 119.68656180439287
8.291342151910039 119.7132141633494
7.915023521135592 119.73868381880548
7.5386266940978715 119.76297051913431
7.1621553893991665 119.78607402439609
6.785613326377672 119.80799410634036
6.409004225070533 119.82873054840826
6.032331806177514 119.84828314573464
5.655599791023605 119.86665170515013
5.278811901522579 119.8838360451831
4.901971860140533 119.89983599606127
4.52508338985848 119.91465139971356
4.148150214135887 119.9282821097716
3.771176056874202 119.94072799157115
3.3941646423794323 119.95198892215345
3.0171196953257744 119.96206479026641
2.6400449407186004 119.9709554963658
2.2629441038580858 119.97866095261614
1.8858209103017658 119.98518108289151
1.5086790858280468 119.99051582277653
1.1315223563997192 119.99466511956675
0.7543544481265072 119.99762893226928
0.37717908722857557 119.99940723160326
3.6739403974420595e-14 120.0
