0.0	0.0
0.0	0.0
11.73147201538086	15.927094459533691
0.0	0.0
10.695572853088379	14.29784870147705
11.3395357131958	15.420659065246582
9.50195026397705	12.494729995727539
9.458379745483398	13.242179870605469
9.185018539428711	13.491421699523926
12.838889122009277	17.25489044189453
0.0	0.0
11.580949783325195	15.12818717956543
9.25240707397461	13.262739181518555
10.954509735107422	15.166996002197266
0.0	0.0
11.468262672424316	15.819219589233398
0.0	0.0
0.0	0.0
0.0	0.0
10.352802276611328	13.118468284606934
0.0	0.0
0.0	0.0
0.0	0.0
0.0	0.0
0.0	0.0
0.0	0.0
0.0	0.0
10.751792907714844	15.080095291137695
0.0	0.0
0.0	0.0
0.0	0.0
9.969110488891602	12.086132049560547
0.0	0.0
9.573585510253906	13.467429161071777
0.0	0.0
0.0	0.0
0.0	0.0
0.0	0.0
10.572924613952637	14.056412696838379
0.0	0.0
0.0	0.0
10.460014343261719	13.462322235107422
0.0	0.0
0.0	0.0
0.0	0.0
9.696293830871582	13.632643699645996
0.0	0.0
0.0	0.0
0.0	0.0
0.0	0.0
11.8634614944458	15.878317832946777
12.116368293762207	15.823704719543457
14.723897933959961	18.65801429748535
11.3273286819458	14.847923278808594
11.704937934875488	15.46989631652832
11.140201568603516	14.550213813781738
11.228665351867676	17.320980072021484
13.625411033630371	17.85674476623535
12.647211074829102	16.627531051635742
11.147812843322754	15.331171035766602
9.035658836364746	13.379175186157227
12.069153785705566	15.74615478515625
12.028059959411621	15.619001388549805
9.052964210510254	13.387643814086914
17.159517288208008	21.3070011138916
17.512296676635742	21.791784286499023
16.148500442504883	20.354415893554688
17.422584533691406	21.280990600585938
16.443302154541016	20.58336639404297
12.809660911560059	16.7656192779541
16.092227935791016	19.706504821777344
12.690959930419922	17.713869094848633
15.175115585327148	18.472959518432617
16.636472702026367	20.653858184814453
14.881138801574707	19.180774688720703
14.432770729064941	18.631750106811523
16.206645965576172	20.200584411621094
13.358074188232422	18.21697998046875
17.407569885253906	21.219297409057617
13.083043098449707	17.3009090423584
17.18190574645996	21.389183044433594
20.742090225219727	24.948165893554688
17.856359481811523	21.927978515625
22.1479434967041	27.080106735229492
18.98405647277832	22.511947631835938
18.087217330932617	22.065383911132812
21.700551986694336	25.504087448120117
21.004159927368164	25.380020141601562
18.368183135986328	22.650001525878906
21.118776321411133	25.124250411987305
18.58452796936035	22.518592834472656
14.5711088180542	19.013219833374023
20.04850959777832	25.916833877563477
22.580659866333008	26.771156311035156
21.536630630493164	25.739543914794922
18.398910522460938	22.005807876586914
17.730510711669922	21.7783145904541
16.963991165161133	21.168739318847656
22.030746459960938	26.016035079956055
16.67972183227539	21.093442916870117
19.082469940185547	23.647085189819336
20.386327743530273	24.85382652282715
14.036833763122559	18.793270111083984
18.61212730407715	22.962604522705078
19.538131713867188	24.162132263183594
17.788867950439453	22.220251083374023
19.354690551757812	23.1567440032959
16.918415069580078	21.365161895751953
14.580857276916504	20.278594970703125
16.626155853271484	20.806943893432617
14.793869972229004	18.067533493041992
14.65414047241211	18.80225944519043
11.710885047912598	17.141218185424805
12.24206829071045	16.687997817993164
12.319507598876953	16.53610610961914
15.160749435424805	19.001171112060547
12.783088684082031	16.842138290405273
14.717663764953613	19.53547477722168
13.614826202392578	17.241304397583008
0.0	0.0
0.0	0.0
12.849884986877441	18.030384063720703
13.364275932312012	17.40465545654297
14.713347434997559	19.224885940551758
9.455364227294922	13.460784912109375
12.776473045349121	16.458263397216797
12.976354598999023	16.788171768188477
11.57196044921875	15.862249374389648
25.278440475463867	29.91504669189453
28.167421340942383	32.28111267089844
25.560815811157227	29.321937561035156
25.066713333129883	29.25167465209961
27.574861526489258	31.541061401367188
25.33132553100586	29.239604949951172
27.511316299438477	31.08032989501953
23.559537887573242	28.797039031982422
26.55649185180664	31.501035690307617
22.845115661621094	27.616025924682617
27.295381546020508	31.134565353393555
27.143491744995117	31.190284729003906
25.78915786743164	29.992483139038086
26.919757843017578	31.50853729248047
22.681631088256836	29.691003799438477
26.278827667236328	30.339998245239258
25.857751846313477	30.2970027923584
24.947790145874023	29.317825317382812
25.748472213745117	30.604267120361328
27.550905227661133	31.677711486816406
23.49456024169922	28.5164794921875
23.46361541748047	28.822134017944336
25.812023162841797	30.793241500854492
27.78070068359375	31.950233459472656
24.436992645263672	28.38360595703125
26.67131996154785	30.279956817626953
24.124868392944336	28.024023056030273
25.610187530517578	29.581541061401367
26.473949432373047	31.628219604492188
25.164525985717773	29.865461349487305
26.13434600830078	30.379295349121094
27.1309814453125	31.575838088989258
25.374839782714844	29.2960262298584
25.23519515991211	29.31243324279785
24.270793914794922	28.519758224487305
25.031221389770508	29.829565048217773
24.74451446533203	29.126832962036133
23.461952209472656	28.208332061767578
26.030254364013672	29.639108657836914
24.7302188873291	28.79183578491211
24.889604568481445	29.50756072998047
25.291303634643555	29.51571273803711
25.1943302154541	29.291671752929688
24.275712966918945	28.36989974975586
22.297197341918945	26.561471939086914
24.12906265258789	28.285158157348633
22.521032333374023	27.814016342163086
23.64535140991211	28.210657119750977
23.196979522705078	27.647958755493164
22.040264129638672	27.7412052154541
25.071699142456055	29.391677856445312
27.038650512695312	31.125429153442383
24.305421829223633	29.05512046813965
23.394392013549805	27.20868492126465
24.707416534423828	29.081192016601562
22.329509735107422	27.198497772216797
21.11544418334961	26.46027374267578
24.660871505737305	28.900835037231445
23.944091796875	28.904251098632812
26.150592803955078	30.101524353027344
22.074604034423828	26.839441299438477
26.43096160888672	31.103187561035156
24.367307662963867	28.8284854888916
21.712045669555664	26.942480087280273
23.860300064086914	29.59707260131836
28.673755645751953	32.8603630065918
27.671735763549805	31.805727005004883
28.40430450439453	32.75286102294922
27.154436111450195	30.96117401123047
26.06859588623047	30.376750946044922
27.113447189331055	32.20494842529297
24.265172958374023	28.868091583251953
27.520689010620117	31.570608139038086
26.736169815063477	31.326221466064453
26.86001968383789	30.382566452026367
27.162622451782227	31.356304168701172
27.32175064086914	31.718366622924805
27.48480796813965	31.505111694335938
28.319965362548828	32.566551208496094
26.493518829345703	31.17845916748047
24.75940704345703	30.731788635253906
25.581043243408203	30.479703903198242
25.551740646362305	31.5571231842041
19.419750213623047	25.04151153564453
27.303518295288086	31.614484786987305
25.297983169555664	29.59400177001953
26.199134826660156	30.539997100830078
24.282760620117188	29.63982391357422
27.907285690307617	32.408599853515625
27.857446670532227	32.155372619628906
28.173236846923828	32.1610221862793
28.23949432373047	32.364891052246094
23.61669158935547	28.590620040893555
24.371322631835938	29.333120346069336
28.470073699951172	32.70175552368164
26.536827087402344	31.18096923828125
27.332292556762695	31.553119659423828
28.801189422607422	33.13431167602539
29.139114379882812	33.21814727783203
27.078536987304688	30.7917537689209
25.288454055786133	29.50206756591797
23.43646812438965	29.16110610961914
25.02777099609375	29.335329055786133
24.681884765625	29.004169464111328
24.11162567138672	29.95333480834961
29.16088104248047	32.90285110473633
27.227998733520508	31.539634704589844
26.020915985107422	29.666889190673828
23.392345428466797	29.024049758911133
28.4521427154541	32.75471115112305
23.323060989379883	29.725688934326172
25.689897537231445	29.27979278564453
25.520246505737305	29.040647506713867
21.325716018676758	27.763853073120117
26.265888214111328	30.9489803314209
25.50250244140625	30.789819717407227
29.06964874267578	33.165687561035156
25.120309829711914	29.723783493041992
26.3216609954834	30.27556610107422
23.404739379882812	27.771989822387695
23.498950958251953	28.1502685546875
28.978679656982422	32.67039108276367
28.293527603149414	32.87263488769531
27.729694366455078	32.14322280883789
24.010601043701172	29.327566146850586
28.137367248535156	32.38565444946289
24.8138370513916	29.089672088623047
20.891054153442383	27.40167236328125
